3.081106 
3.081102 
3.081098 
3.081094 
3.081090 
3.081086 
3.081082 
3.081077 
3.081073 
3.081069 
3.081065 
3.081061 
3.081057 
3.081053 
3.081048 
3.081044 
3.081040 
3.081036 
3.081032 
3.081028 
3.081023 
3.081019 
3.081015 
3.081011 
3.081007 
3.081003 
3.080999 
3.080994 
3.080990 
3.080986 
3.080982 
3.080978 
3.080974 
3.080969 
3.080965 
3.080961 
3.080957 
3.080953 
3.080949 
3.080945 
3.080940 
3.080936 
3.080932 
3.080928 
3.080924 
3.080920 
3.080916 
3.080911 
3.080907 
3.080903 
3.080899 
3.080895 
3.080891 
3.080886 
3.080882 
3.080878 
3.080874 
3.080870 
3.080866 
3.080862 
3.080857 
3.080853 
3.080849 
3.080845 
3.080841 
3.080837 
3.080832 
3.080828 
3.080824 
3.080820 
3.080816 
3.080812 
3.080808 
3.080803 
3.080799 
3.080795 
3.080791 
3.080787 
3.080783 
3.080779 
3.080774 
3.080770 
3.080766 
3.080762 
3.080758 
3.080754 
3.080749 
3.080745 
3.080741 
3.080737 
3.080733 
3.080729 
3.080725 
3.080720 
3.080716 
3.080712 
3.080708 
3.080704 
3.080700 
3.080695 
3.080691 
3.080687 
3.080683 
3.080679 
3.080675 
3.080671 
3.080666 
3.080662 
3.080658 
3.080654 
3.080650 
3.080646 
3.080641 
3.080637 
3.080633 
3.080629 
3.080625 
3.080621 
3.080617 
3.080612 
3.080608 
3.080604 
3.080600 
3.080596 
3.080592 
3.080588 
3.080583 
3.080579 
3.080575 
3.080571 
3.080567 
3.080563 
3.080558 
3.080554 
3.080550 
3.080546 
3.080542 
3.080538 
3.080534 
3.080529 
3.080525 
3.080521 
3.080517 
3.080513 
3.080509 
3.080504 
3.080500 
3.080496 
3.080492 
3.080488 
3.080484 
3.080480 
3.080475 
3.080471 
3.080467 
3.080463 
3.080459 
3.080455 
3.080451 
3.080446 
3.080442 
3.080438 
3.080434 
3.080430 
3.080426 
3.080421 
3.080417 
3.080413 
3.080409 
3.080405 
3.080401 
3.080397 
3.080392 
3.080388 
3.080384 
3.080380 
3.080376 
3.080372 
3.080367 
3.080363 
3.080359 
3.080355 
3.080351 
3.080347 
3.080343 
3.080338 
3.080334 
3.080330 
3.080326 
3.080322 
3.080318 
3.080314 
3.080309 
3.080305 
3.080301 
3.080297 
3.080293 
3.080289 
3.080284 
3.080280 
3.080276 
3.080272 
3.080268 
3.080264 
3.080260 
3.080255 
3.080251 
3.080247 
3.080243 
3.080239 
3.080235 
3.080230 
3.080226 
3.080222 
3.080218 
3.080214 
3.080210 
3.080206 
3.080201 
3.080197 
3.080193 
3.080189 
3.080185 
3.080181 
3.080177 
3.080172 
3.080168 
3.080164 
3.080160 
3.080156 
3.080152 
3.080147 
3.080143 
3.080139 
3.080135 
3.080131 
3.080127 
3.080123 
3.080118 
3.080114 
3.080110 
3.080106 
3.080102 
3.080098 
3.080093 
3.080089 
3.080085 
3.080081 
3.080077 
3.080073 
3.080069 
3.080064 
3.080060 
3.080056 
3.080052 
3.080048 
3.080044 
3.080040 
3.080035 
3.080031 
3.080027 
3.080023 
3.080019 
3.080015 
3.080010 
3.080006 
3.080002 
3.079998 
3.079994 
3.079990 
3.079986 
3.079981 
3.079977 
3.079973 
3.079969 
3.079965 
3.079961 
3.079956 
3.079952 
3.079948 
3.079944 
3.079940 
3.079936 
3.079932 
3.079927 
3.079923 
3.079919 
3.079915 
3.079911 
3.079907 
3.079902 
3.079898 
3.079894 
3.079890 
3.079886 
3.079882 
3.079878 
3.079873 
3.079869 
3.079865 
3.079861 
3.079857 
3.079853 
3.079849 
3.079844 
3.079840 
3.079836 
3.079832 
3.079828 
3.079824 
3.079819 
3.079815 
3.079811 
3.079807 
3.079803 
3.079799 
3.079795 
3.079790 
3.079786 
3.079782 
3.079778 
3.079774 
3.079770 
3.079765 
3.079761 
3.079757 
3.079753 
3.079749 
3.079745 
3.079741 
3.079736 
3.079732 
3.079728 
3.079724 
3.079720 
3.079716 
3.079712 
3.079707 
3.079703 
3.079699 
3.079695 
3.079691 
3.079687 
3.079682 
3.079678 
3.079674 
3.079670 
3.079666 
3.079662 
3.079658 
3.079653 
3.079649 
3.079645 
3.079641 
3.079637 
3.079633 
3.079628 
3.079624 
3.079620 
3.079616 
3.079612 
3.079608 
3.079604 
3.079599 
3.079595 
3.079591 
3.079587 
3.079583 
3.079579 
3.079575 
3.079570 
3.079566 
3.079562 
3.079558 
3.079554 
3.079550 
3.079545 
3.079541 
3.079537 
3.079533 
3.079529 
3.079525 
3.079521 
3.079516 
3.079512 
3.079508 
3.079504 
3.079500 
3.079496 
3.079491 
3.079487 
3.079483 
3.079479 
3.079475 
3.079471 
3.079467 
3.079462 
3.079458 
3.079454 
3.079450 
3.079446 
