3.137994 
3.138002 
3.138011 
3.138019 
3.138028 
3.138036 
3.138045 
3.138054 
3.138062 
3.138071 
3.138079 
3.138088 
3.138097 
3.138105 
3.138114 
3.138122 
3.138131 
3.138140 
3.138148 
3.138157 
3.138165 
3.138174 
3.138182 
3.138191 
3.138200 
3.138208 
3.138217 
3.138225 
3.138234 
3.138243 
3.138251 
3.138260 
3.138268 
3.138277 
3.138285 
3.138294 
3.138303 
3.138311 
3.138320 
3.138328 
3.138337 
3.138346 
3.138354 
3.138363 
3.138371 
3.138380 
3.138388 
3.138397 
3.138406 
3.138414 
3.138423 
3.138431 
3.138440 
3.138449 
3.138457 
3.138466 
3.138474 
3.138483 
3.138491 
3.138500 
3.138509 
3.138517 
3.138526 
3.138534 
3.138543 
3.138552 
3.138560 
3.138569 
3.138577 
3.138586 
3.138594 
3.138603 
3.138612 
3.138620 
3.138629 
3.138637 
3.138646 
3.138655 
3.138663 
3.138672 
3.138680 
3.138689 
3.138697 
3.138706 
3.138715 
3.138723 
3.138732 
3.138740 
3.138749 
3.138758 
3.138766 
3.138775 
3.138783 
3.138792 
3.138800 
3.138809 
3.138818 
3.138826 
3.138835 
3.138843 
3.138852 
3.138861 
3.138869 
3.138878 
3.138886 
3.138895 
3.138904 
3.138912 
3.138921 
3.138929 
3.138938 
3.138946 
3.138955 
3.138964 
3.138972 
3.138981 
3.138989 
3.138998 
3.139007 
3.139015 
3.139024 
3.139032 
3.139041 
3.139049 
3.139058 
3.139067 
3.139075 
3.139084 
3.139092 
3.139101 
3.139110 
3.139118 
3.139127 
3.139135 
3.139144 
3.139152 
3.139161 
3.139170 
3.139178 
3.139187 
3.139195 
3.139204 
3.139213 
3.139221 
3.139230 
3.139238 
3.139247 
3.139255 
3.139264 
3.139273 
3.139281 
3.139290 
3.139298 
3.139307 
3.139316 
3.139324 
3.139333 
3.139341 
3.139350 
3.139358 
3.139367 
3.139376 
3.139384 
3.139393 
3.139401 
3.139410 
3.139419 
3.139427 
3.139436 
3.139444 
3.139453 
3.139461 
3.139470 
3.139479 
3.139487 
3.139496 
3.139504 
3.139513 
3.139522 
3.139530 
3.139539 
3.139547 
3.139556 
3.139565 
3.139573 
3.139582 
3.139590 
3.139599 
3.139607 
3.139616 
3.139625 
3.139633 
3.139642 
3.139650 
3.139659 
3.139668 
3.139676 
3.139685 
3.139693 
3.139702 
3.139710 
3.139719 
3.139728 
3.139736 
3.139745 
3.139753 
3.139762 
3.139771 
3.139779 
3.139788 
3.139796 
3.139805 
3.139813 
3.139822 
3.139831 
3.139839 
3.139848 
3.139856 
3.139865 
3.139874 
3.139882 
3.139891 
3.139899 
3.139908 
3.139916 
3.139925 
3.139934 
3.139942 
3.139951 
3.139959 
3.139968 
3.139977 
3.139985 
3.139994 
3.140002 
3.140011 
3.140019 
3.140028 
3.140037 
3.140045 
3.140054 
3.140062 
3.140071 
3.140080 
3.140088 
3.140097 
3.140105 
3.140114 
3.140122 
3.140131 
3.140140 
3.140148 
3.140157 
3.140165 
3.140174 
3.140183 
3.140191 
3.140200 
3.140208 
3.140217 
3.140225 
3.140234 
3.140243 
3.140251 
3.140260 
3.140268 
3.140277 
3.140286 
3.140294 
3.140303 
3.140311 
3.140320 
3.140329 
3.140337 
3.140346 
3.140354 
3.140363 
3.140371 
3.140380 
3.140389 
3.140397 
3.140406 
3.140414 
3.140423 
3.140432 
3.140440 
3.140449 
3.140457 
3.140466 
3.140474 
3.140483 
3.140492 
3.140500 
3.140509 
3.140517 
3.140526 
3.140535 
3.140543 
3.140552 
3.140560 
3.140569 
