3.083740 
3.083745 
3.083750 
3.083754 
3.083759 
3.083764 
3.083769 
3.083773 
3.083778 
3.083783 
3.083788 
3.083792 
3.083797 
3.083802 
3.083807 
3.083811 
3.083816 
3.083821 
3.083826 
3.083830 
3.083835 
3.083840 
3.083845 
3.083849 
3.083854 
3.083859 
3.083863 
3.083868 
3.083873 
3.083878 
3.083882 
3.083887 
3.083892 
3.083897 
3.083901 
3.083906 
3.083911 
3.083916 
3.083920 
3.083925 
3.083930 
3.083935 
3.083939 
3.083944 
3.083949 
3.083954 
3.083958 
3.083963 
3.083968 
3.083973 
3.083977 
3.083982 
3.083987 
3.083991 
3.083996 
3.084001 
3.084006 
3.084010 
3.084015 
3.084020 
3.084025 
3.084029 
3.084034 
3.084039 
3.084044 
3.084048 
3.084053 
3.084058 
3.084063 
3.084067 
3.084072 
3.084077 
3.084082 
3.084086 
3.084091 
3.084096 
3.084100 
3.084105 
3.084110 
3.084115 
3.084119 
3.084124 
3.084129 
3.084134 
3.084138 
3.084143 
3.084148 
3.084153 
3.084157 
3.084162 
3.084167 
3.084172 
3.084176 
3.084181 
3.084186 
3.084191 
3.084195 
3.084200 
3.084205 
3.084209 
3.084214 
3.084219 
3.084224 
3.084228 
3.084233 
3.084238 
3.084243 
3.084247 
3.084252 
3.084257 
3.084262 
3.084266 
3.084271 
3.084276 
3.084281 
3.084285 
3.084290 
3.084295 
3.084300 
3.084304 
3.084309 
3.084314 
3.084318 
3.084323 
3.084328 
3.084333 
3.084337 
3.084342 
3.084347 
3.084352 
3.084356 
3.084361 
3.084366 
3.084371 
3.084375 
3.084380 
3.084385 
3.084390 
3.084394 
3.084399 
3.084404 
3.084409 
3.084413 
3.084418 
3.084423 
3.084428 
3.084432 
3.084437 
3.084442 
3.084446 
3.084451 
3.084456 
3.084461 
3.084465 
3.084470 
3.084475 
3.084480 
3.084484 
3.084489 
3.084494 
3.084499 
3.084503 
3.084508 
3.084513 
3.084518 
3.084522 
3.084527 
3.084532 
3.084537 
3.084541 
3.084546 
3.084551 
3.084555 
3.084560 
3.084565 
3.084570 
3.084574 
3.084579 
3.084584 
3.084589 
3.084593 
3.084598 
3.084603 
3.084608 
3.084612 
3.084617 
3.084622 
3.084627 
3.084631 
3.084636 
3.084641 
3.084646 
3.084650 
3.084655 
3.084660 
3.084664 
3.084669 
3.084674 
3.084679 
3.084683 
3.084688 
3.084693 
3.084698 
3.084702 
3.084707 
3.084712 
3.084717 
3.084721 
3.084726 
3.084731 
3.084736 
3.084740 
3.084745 
3.084750 
3.084755 
3.084759 
3.084764 
3.084769 
3.084773 
3.084778 
3.084783 
3.084788 
3.084792 
3.084797 
3.084802 
3.084807 
3.084811 
3.084816 
3.084821 
3.084826 
3.084830 
3.084835 
3.084840 
3.084845 
3.084849 
3.084854 
3.084859 
3.084864 
3.084868 
3.084873 
3.084878 
3.084882 
3.084887 
3.084892 
3.084897 
3.084901 
3.084906 
3.084911 
3.084916 
3.084920 
3.084925 
3.084930 
3.084935 
3.084939 
3.084944 
3.084949 
3.084954 
3.084958 
3.084963 
3.084968 
3.084973 
3.084977 
3.084982 
3.084987 
3.084992 
3.084996 
3.085001 
3.085006 
3.085010 
3.085015 
3.085020 
3.085025 
3.085029 
3.085034 
3.085039 
3.085044 
3.085048 
3.085053 
3.085058 
3.085063 
3.085067 
3.085072 
3.085077 
3.085082 
3.085086 
3.085091 
3.085096 
3.085101 
3.085105 
3.085110 
3.085115 
3.085119 
3.085124 
3.085129 
3.085134 
3.085138 
3.085143 
3.085148 
3.085153 
3.085157 
3.085162 
3.085167 
3.085172 
3.085176 
3.085181 
3.085186 
3.085191 
3.085195 
3.085200 
3.085205 
3.085210 
3.085214 
3.085219 
3.085224 
3.085228 
3.085233 
3.085238 
3.085243 
3.085247 
3.085252 
3.085257 
3.085262 
3.085266 
3.085271 
3.085276 
3.085281 
3.085285 
3.085290 
3.085295 
3.085300 
3.085304 
3.085309 
3.085314 
3.085319 
3.085323 
3.085328 
3.085333 
3.085337 
3.085342 
3.085347 
3.085352 
3.085356 
3.085361 
3.085366 
3.085371 
3.085375 
3.085380 
3.085385 
3.085390 
3.085394 
3.085399 
3.085404 
3.085409 
3.085413 
3.085418 
3.085423 
3.085428 
3.085432 
3.085437 
3.085442 
3.085447 
3.085451 
3.085456 
3.085461 
3.085465 
3.085470 
3.085475 
3.085480 
3.085484 
3.085489 
3.085494 
3.085499 
3.085503 
3.085508 
3.085513 
3.085518 
3.085522 
3.085527 
3.085532 
3.085537 
3.085541 
3.085546 
3.085551 
3.085556 
3.085560 
3.085565 
3.085570 
3.085574 
3.085579 
3.085584 
3.085589 
3.085593 
3.085598 
3.085603 
3.085608 
3.085612 
3.085617 
3.085622 
3.085627 
3.085631 
3.085636 
