3.080735 
3.080745 
3.080755 
3.080765 
3.080776 
3.080786 
3.080796 
3.080806 
3.080816 
3.080826 
3.080836 
3.080846 
3.080856 
3.080866 
3.080877 
3.080887 
3.080897 
3.080907 
3.080917 
3.080927 
3.080937 
3.080947 
3.080957 
3.080967 
3.080978 
3.080988 
3.080998 
3.081008 
3.081018 
3.081028 
3.081038 
3.081048 
3.081058 
3.081069 
3.081079 
3.081089 
3.081099 
3.081109 
3.081119 
3.081129 
3.081139 
3.081149 
3.081159 
3.081170 
3.081180 
3.081190 
3.081200 
3.081210 
3.081220 
3.081230 
3.081240 
3.081250 
3.081261 
3.081271 
3.081281 
3.081291 
3.081301 
3.081311 
3.081321 
3.081331 
3.081341 
3.081351 
3.081362 
3.081372 
3.081382 
3.081392 
3.081402 
3.081412 
3.081422 
3.081432 
3.081442 
3.081453 
3.081463 
3.081473 
3.081483 
3.081493 
3.081503 
3.081513 
3.081523 
3.081533 
3.081543 
3.081554 
3.081564 
3.081574 
3.081584 
3.081594 
3.081604 
3.081614 
3.081624 
3.081634 
3.081645 
3.081655 
3.081665 
3.081675 
3.081685 
3.081695 
3.081705 
3.081715 
3.081725 
3.081735 
3.081746 
3.081756 
3.081766 
3.081776 
3.081786 
3.081796 
3.081806 
3.081816 
3.081826 
3.081837 
3.081847 
3.081857 
3.081867 
3.081877 
3.081887 
3.081897 
3.081907 
3.081917 
3.081927 
3.081938 
3.081948 
3.081958 
3.081968 
3.081978 
3.081988 
3.081998 
3.082008 
3.082018 
3.082029 
3.082039 
3.082049 
3.082059 
3.082069 
3.082079 
3.082089 
3.082099 
3.082109 
3.082119 
3.082130 
3.082140 
3.082150 
3.082160 
3.082170 
3.082180 
3.082190 
3.082200 
3.082210 
3.082221 
3.082231 
3.082241 
3.082251 
3.082261 
3.082271 
3.082281 
3.082291 
3.082301 
3.082311 
3.082322 
3.082332 
3.082342 
3.082352 
3.082362 
3.082372 
3.082382 
3.082392 
3.082402 
3.082413 
3.082423 
3.082433 
3.082443 
3.082453 
3.082463 
3.082473 
3.082483 
3.082493 
3.082503 
3.082514 
3.082524 
3.082534 
3.082544 
3.082554 
3.082564 
3.082574 
3.082584 
3.082594 
3.082605 
3.082615 
3.082625 
3.082635 
3.082645 
3.082655 
3.082665 
3.082675 
3.082685 
3.082695 
3.082706 
3.082716 
3.082726 
3.082736 
3.082746 
3.082756 
3.082766 
3.082776 
3.082786 
3.082797 
3.082807 
3.082817 
3.082827 
3.082837 
3.082847 
3.082857 
3.082867 
3.082877 
3.082887 
3.082898 
3.082908 
3.082918 
3.082928 
3.082938 
3.082948 
3.082958 
3.082968 
3.082978 
3.082989 
3.082999 
3.083009 
3.083019 
3.083029 
3.083039 
3.083049 
3.083059 
3.083069 
3.083079 
3.083090 
3.083100 
3.083110 
3.083120 
3.083130 
3.083140 
3.083150 
3.083160 
3.083170 
3.083181 
3.083191 
3.083201 
3.083211 
3.083221 
3.083231 
3.083241 
3.083251 
3.083261 
3.083271 
3.083282 
3.083292 
3.083302 
3.083312 
3.083322 
3.083332 
3.083342 
3.083352 
3.083362 
3.083372 
3.083383 
3.083393 
3.083403 
3.083413 
3.083423 
3.083433 
3.083443 
3.083453 
3.083463 
3.083474 
3.083484 
3.083494 
3.083504 
3.083514 
3.083524 
3.083534 
3.083544 
3.083554 
3.083564 
3.083575 
3.083585 
3.083595 
3.083605 
3.083615 
3.083625 
3.083635 
3.083645 
3.083655 
3.083666 
3.083676 
3.083686 
3.083696 
3.083706 
3.083716 
3.083726 
3.083736 
3.083746 
3.083756 
3.083767 
3.083777 
3.083787 
3.083797 
3.083807 
3.083817 
3.083827 
3.083837 
3.083847 
3.083858 
3.083868 
3.083878 
3.083888 
3.083898 
3.083908 
3.083918 
3.083928 
3.083938 
3.083948 
3.083959 
3.083969 
3.083979 
3.083989 
3.083999 
3.084009 
3.084019 
3.084029 
3.084039 
3.084050 
3.084060 
3.084070 
3.084080 
3.084090 
3.084100 
3.084110 
3.084120 
3.084130 
3.084140 
3.084151 
3.084161 
3.084171 
3.084181 
3.084191 
3.084201 
3.084211 
3.084221 
3.084231 
3.084242 
3.084252 
3.084262 
3.084272 
3.084282 
3.084292 
3.084302 
3.084312 
3.084322 
3.084332 
3.084343 
3.084353 
3.084363 
3.084373 
3.084383 
3.084393 
3.084403 
3.084413 
3.084423 
3.084434 
3.084444 
3.084454 
3.084464 
3.084474 
3.084484 
3.084494 
3.084504 
3.084514 
3.084524 
3.084535 
3.084545 
3.084555 
3.084565 
3.084575 
3.084585 
3.084595 
3.084605 
3.084615 
3.084626 
3.084636 
3.084646 
3.084656 
3.084666 
3.084676 
3.084686 
3.084696 
3.084706 
3.084716 
3.084727 
3.084737 
3.084747 
3.084757 
3.084767 
3.084777 
