Energy  St. dev  a[0] b[0] b[1] w[0][0] w[0][1] 
0.665227877767  0.002366855419  -0.235885026683  0.678596092353  -0.782873033721  0.889246259777  0.086262798514  
0.447789781396  0.001280975174  -0.570826940447  0.636380009541  -0.789224040148  0.640872337206  -0.029623450533  
0.541148635774  0.000598822312  -0.426807037316  0.654011524956  -0.790143311274  0.712195873638  0.016014387125  
0.496853244850  0.000265520348  -0.449070554135  0.650613149167  -0.790219296386  0.701341142630  0.009252270805  
0.501810973979  0.000257845021  -0.442200119988  0.650878979889  -0.790205445450  0.707662295551  0.011515494346  
0.499857807706  0.000258473301  -0.446380059373  0.649816121789  -0.790215467683  0.707457931916  0.010356466920  
0.500926120810  0.000254672456  -0.445412839766  0.649398303379  -0.790213098514  0.709487378349  0.010772534876  
0.500012355116  0.000261243742  -0.446120572631  0.648743639404  -0.790214478555  0.710810119444  0.010680520565  
0.500547206791  0.000257859449  -0.447829440363  0.648024195657  -0.790218164191  0.711181834706  0.010264791449  
0.500810264780  0.000255284470  -0.446817758376  0.647634786566  -0.790215742891  0.712613346093  0.010681909892  
0.500204195532  0.000262294694  -0.447088652111  0.647061054240  -0.790216132958  0.713631762236  0.010714536651  
0.500185776940  0.000262730953  -0.447710577789  0.646451439844  -0.790217336234  0.714306048685  0.010635276368  
0.500404988867  0.000261342952  -0.448101847743  0.645903806417  -0.790218019584  0.714814312034  0.010620108165  
0.500172949641  0.000260034745  -0.448760769927  0.645354525297  -0.790219316068  0.715115168521  0.010519263130  
0.500322605181  0.000256470413  -0.448022117290  0.644946238119  -0.790217471221  0.715743124870  0.010841231388  
0.500351004457  0.000262639824  -0.448848989133  0.644358603686  -0.790219178844  0.715921247868  0.010691417764  
0.501015950624  0.000253444110  -0.448037642953  0.643962460651  -0.790217148123  0.716365631228  0.011030617115  
0.500645869847  0.000260706432  -0.450697240605  0.643218520279  -0.790223231022  0.715324817027  0.010305773470  
0.500863199283  0.000261518908  -0.447737066678  0.643099555474  -0.790216501247  0.717320918794  0.011324774470  
0.500396318954  0.000259784134  -0.450197536606  0.642349978391  -0.790222265715  0.716250471117  0.010660706057  
0.500856606900  0.000260917531  -0.448845862665  0.642057570324  -0.790218982010  0.717262482099  0.011179333105  
0.500566019479  0.000256634793  -0.449923152779  0.641487974864  -0.790221369623  0.716783907898  0.010939056184  
0.500236745428  0.000258768343  -0.448995244982  0.641145638331  -0.790218991215  0.717609166064  0.011327456797  
0.500466572656  0.000264197085  -0.449047230733  0.640651175921  -0.790218897054  0.717843844276  0.011417073258  
0.500225728156  0.000263516656  -0.448710216455  0.640215816880  -0.790217844265  0.718375304910  0.011630065093  
0.500412006891  0.000257099751  -0.448772782904  0.639712172655  -0.790217804428  0.718136620768  0.011702751768  
0.500974092135  0.000251196209  -0.449421470814  0.639191761714  -0.790219271958  0.717025019262  0.011576385970  
0.500588121719  0.000262274466  -0.448650881483  0.638806102428  -0.790217129051  0.717743752781  0.011923927220  
0.501083718667  0.000256105575  -0.448581618044  0.638324821813  -0.790216758947  0.717361083233  0.012034426204  
0.500814283647  0.000256999802  -0.449207446740  0.637779301714  -0.790218155992  0.716973295349  0.011938741500  
0.500678090502  0.000260077146  -0.448941407147  0.637350708422  -0.790217246578  0.717193382785  0.012125611157  
0.500644986149  0.000261922545  -0.448283496948  0.636945403047  -0.790215299380  0.717582904771  0.012436595660  
0.500125612216  0.000260740394  -0.448584357390  0.636421151900  -0.790215846091  0.717640165948  0.012455096142  
0.500088671073  0.000257765712  -0.449002477860  0.635921871135  -0.790216728247  0.717341234288  0.012427793001  
0.500517124180  0.000261297967  -0.448923184091  0.635478619572  -0.790216258813  0.717608403209  0.012565443484  
0.500733014419  0.000262111845  -0.449691487028  0.634934724920  -0.790218070744  0.717309178960  0.012438458342  
0.501101302765  0.000255421412  -0.448774781651  0.634600587207  -0.790215406286  0.717532873375  0.012819896053  
0.500676011546  0.000261868133  -0.448176954011  0.634174182926  -0.790213504077  0.717815950628  0.013116349879  
0.500496648235  0.000261149380  -0.450295138647  0.633488753482  -0.790219183222  0.716786743111  0.012573178993  
0.501092943595  0.000260288817  -0.448431049041  0.633270828962  -0.790213897085  0.717949400106  0.013265295656  
0.500101660313  0.000266770497  -0.449012894699  0.632731932362  -0.790215235091  0.718036455684  0.013214356302  
0.500673523805  0.000261852990  -0.449527359244  0.632215636132  -0.790216416858  0.717735828053  0.013168462683  
0.500357599682  0.000261298425  -0.448227937482  0.631888093415  -0.790212457753  0.718664260139  0.013692598542  
0.500572719618  0.000258389308  -0.448833711894  0.631355730775  -0.790213970206  0.718010953519  0.013610993767  
0.500270387464  0.000262366017  -0.448468078427  0.630931236067  -0.790212602225  0.718277480133  0.013845458317  
0.500496843803  0.000265639471  -0.448849693298  0.630411871240  -0.790213411487  0.718213228622  0.013854493035  
0.500702070858  0.000259056783  -0.448533074485  0.629979761384  -0.790212198337  0.718027575111  0.014061183468  
0.499766593046  0.000269503393  -0.448250517470  0.629503177889  -0.790210973157  0.718726860885  0.014293905117  
0.500620553380  0.000257864145  -0.449537206988  0.628904377634  -0.790214626183  0.717737027745  0.014005536184  
0.500688152968  0.000263406526  -0.448448519813  0.628567073450  -0.790211023908  0.718544690284  0.014473704666  
0.500178656503  0.000261377291  -0.449147097720  0.628022247546  -0.790212855794  0.718237005495  0.014383576383  
0.500534090785  0.000263090934  -0.448533796692  0.627637617682  -0.790210631421  0.718568678135  0.014700887834  
0.500504777090  0.000258496510  -0.448077236895  0.627211066360  -0.790208888552  0.718449088879  0.014956970684  
0.500427915189  0.000261724653  -0.449238206680  0.626614930656  -0.790212259705  0.717802727260  0.014725015775  
0.500818572477  0.000261294979  -0.448043573783  0.626286672778  -0.790208148095  0.718398509865  0.015222911249  
0.500877132604  0.000256071774  -0.448556716749  0.625764551343  -0.790209515337  0.717634116452  0.015175109900  
0.500259711558  0.000262183152  -0.448563978473  0.625305710585  -0.790209148278  0.717907195010  0.015313534240  
0.500602532877  0.000262594636  -0.449458028649  0.624768674898  -0.790211692458  0.717609954513  0.015175042187  
0.500999893561  0.000259826363  -0.448482848545  0.624456659208  -0.790208158093  0.718127830036  0.015608400814  
0.500517597592  0.000258961425  -0.447671957534  0.624060514036  -0.790205079743  0.718433289834  0.015989417913  
0.500063679181  0.000260552299  -0.448988957966  0.623448926074  -0.790209208922  0.717573626201  0.015712824227  
0.500708149354  0.000258211033  -0.447329408913  0.623181083489  -0.790203253657  0.718283549602  0.016356574567  
0.500356671888  0.000265933485  -0.448361024747  0.622569628924  -0.790206423052  0.717850501570  0.016186620812  
0.500622455132  0.000262305641  -0.448914641533  0.622063591717  -0.790207933188  0.717482130428  0.016153771398  
0.500515965578  0.000259353860  -0.447374904812  0.621764434218  -0.790202202203  0.718235556885  0.016768442615  
0.500183253863  0.000261861656  -0.447130679918  0.621279235236  -0.790200887437  0.718310191017  0.016988586073  
0.500150231750  0.000266812856  -0.447335990445  0.620712418246  -0.790201146081  0.718367944563  0.017084072484  
0.500079857362  0.000265088719  -0.448400839105  0.620096015771  -0.790204561460  0.717913489517  0.016909441847  
0.500336088298  0.000267039442  -0.447124222139  0.619734127747  -0.790199443451  0.718780354810  0.017466168411  
0.500392636471  0.000263127410  -0.448248823870  0.619112652122  -0.790203178333  0.718095893738  0.017267313642  
0.499661797298  0.000269930225  -0.446094038410  0.618811374199  -0.790194647402  0.719739150593  0.018114239162  
0.499604685287  0.000265219972  -0.447983753068  0.618067976108  -0.790201473172  0.718603453194  0.017683925568  
0.501003769515  0.000259368298  -0.447749053301  0.617607867236  -0.790200129498  0.718479824852  0.017899367303  
0.500327321744  0.000261939209  -0.447674233066  0.617126082532  -0.790199356031  0.718362491508  0.018073504885  
0.500482861527  0.000265193011  -0.447710838867  0.616622122873  -0.790198954048  0.718468165905  0.018228552536  
0.500364144634  0.000264045267  -0.448024498031  0.616115887967  -0.790199645014  0.718301072668  0.018293015463  
0.500519225969  0.000261657402  -0.448287108423  0.615618585854  -0.790200152484  0.718116623277  0.018369208710  
0.500438436199  0.000263388899  -0.447228685563  0.615247015788  -0.790195446832  0.718677029278  0.018860390157  
0.500594326270  0.000259356230  -0.448154192543  0.614650232618  -0.790198665658  0.717994913198  0.018726945741  
0.500480229106  0.000257425477  -0.447768050679  0.614248292925  -0.790196603841  0.718016468388  0.018998083468  
0.500526904013  0.000259504071  -0.448415733668  0.613733051734  -0.790198677223  0.717696203481  0.018960589826  
0.500756375992  0.000260835892  -0.447531342871  0.613356492154  -0.790194540721  0.718018999805  0.019394493314  
0.500499845421  0.000256143601  -0.447709148573  0.612869700188  -0.790194752174  0.717652427281  0.019490692994  
0.500585067701  0.000255795612  -0.447587114705  0.612419105949  -0.790193704989  0.717486861088  0.019682156654  
0.500516414160  0.000256281111  -0.447940487197  0.611940126750  -0.790194648902  0.717026150667  0.019726458847  
0.500865953040  0.000257820747  -0.447115680504  0.611561091815  -0.790190566602  0.717477282318  0.020150363685  
0.500657597745  0.000254163477  -0.447421826132  0.611051081234  -0.790191330862  0.717041906581  0.020210081242  
0.500520179083  0.000258126498  -0.447296166036  0.610597252453  -0.790190163991  0.717094604085  0.020420154527  
0.500948210026  0.000259252956  -0.447577097145  0.610102727669  -0.790190775179  0.716778000762  0.020501334343  
0.500383603665  0.000254364107  -0.447684974636  0.609628757616  -0.790190636390  0.716657978936  0.020634242780  
0.500226580127  0.000258680733  -0.447268791353  0.609213257755  -0.790188127258  0.716970011899  0.020943381370  
0.500720122416  0.000257285151  -0.447917536564  0.608697164960  -0.790190382731  0.716553933349  0.020915667013  
0.500621776283  0.000258086330  -0.447937432007  0.608256059605  -0.790189795862  0.716572103831  0.021088652871  
0.501002041044  0.000257066388  -0.446872635526  0.607918296277  -0.790184327478  0.717030047054  0.021592988623  
0.500247190238  0.000263991065  -0.447186790304  0.607391152013  -0.790184958157  0.717309668426  0.021706462378  
0.500336831513  0.000259461263  -0.446992514117  0.606921861073  -0.790183335869  0.717378374817  0.021951960770  
0.500480300023  0.000260031740  -0.446381412390  0.606493185462  -0.790179703938  0.717777016976  0.022334436501  
0.500418146762  0.000257544163  -0.447799808379  0.605870727496  -0.790185761881  0.716878586237  0.022076415230  
0.500707430461  0.000262765602  -0.446928021670  0.605504919211  -0.790180834187  0.717508982383  0.022549526847  
0.500470945401  0.000261475503  -0.447921464596  0.604928955713  -0.790184828641  0.717022454849  0.022439760705  
0.500640189788  0.000067018223  -0.447921464596  0.604928955713  -0.790184828641  0.717022454849  0.022439760705  
