Energy  St. dev  a[0] b[0] b[1] w[0][0] w[0][1] 
0.748746826387  0.002386516178  -0.910847290618  0.595964361174  -0.725069330361  0.789103749528  -0.379724273092  
0.740106775695  0.002330056298  -0.900370830692  0.597410042340  -0.725986665697  0.790684845014  -0.372895740126  
0.733553645541  0.002282386023  -0.890150745109  0.598822652430  -0.726866879882  0.792246915995  -0.366302280553  
0.728443090914  0.002239217326  -0.880150109217  0.600213174186  -0.727715835622  0.793785821471  -0.359921321522  
0.720635611832  0.002187195074  -0.870397384229  0.601577585304  -0.728530796921  0.795339131141  -0.353796965977  
0.715935557732  0.002155462375  -0.860810678589  0.602918542491  -0.729319365518  0.796856577416  -0.347811900852  
0.710006143677  0.002101807950  -0.851528405846  0.604223430284  -0.730071347515  0.798351474612  -0.342087849207  
0.700703354455  0.002057843085  -0.842478886715  0.605500919347  -0.730793404796  0.799828252238  -0.336567348973  
0.697694412291  0.002031797112  -0.833553688937  0.606762068809  -0.731495097793  0.801274682794  -0.331154678198  
0.691487795864  0.001977901737  -0.824922254578  0.607992017549  -0.732163884633  0.802708249824  -0.325997293030  
0.691437458903  0.001959495093  -0.816346605036  0.609211892812  -0.732818236944  0.804132801279  -0.320901808545  
0.680657114215  0.001905083395  -0.808101492781  0.610391017565  -0.733438095509  0.805521161059  -0.316054685654  
0.679384543219  0.001877829772  -0.799975027678  0.611557460047  -0.734040586674  0.806895987266  -0.311322923452  
0.674521470220  0.001844078258  -0.792039518600  0.612698808323  -0.734620587879  0.808237147606  -0.306733260763  
0.665212446138  0.001796111817  -0.784394049331  0.613803513491  -0.735171515572  0.809541843494  -0.302352831141  
0.665289418295  0.001782960772  -0.776768153295  0.614905103694  -0.735713310192  0.810845244792  -0.298009944152  
0.660894061229  0.001750132029  -0.769313068175  0.615987938877  -0.736235960475  0.812126530670  -0.293806282170  
0.654838714312  0.001716373687  -0.762064418635  0.617042339554  -0.736737117755  0.813366587376  -0.289738083775  
0.652466764099  0.001689762762  -0.754938187406  0.618081565610  -0.737223134106  0.814595963756  -0.285772628567  
0.647716094076  0.001657072430  -0.747996118659  0.619097276271  -0.737690306938  0.815796886826  -0.281936750704  
0.644539232844  0.001631968516  -0.741193258489  0.620095530300  -0.738142299235  0.816966745934  -0.278201870346  
0.640654511780  0.001606778383  -0.734539693660  0.621072899284  -0.738578736856  0.818100459352  -0.274563389518  
0.636902964372  0.001578719947  -0.728045178556  0.622028370244  -0.738999264590  0.819206113086  -0.271031919502  
0.634357397658  0.001559108727  -0.721644849243  0.622972643260  -0.739408562623  0.820291787942  -0.267572806862  
0.629621437135  0.001522213773  -0.715456897483  0.623889668702  -0.739799173316  0.821351610475  -0.264255977199  
0.626704453503  0.001501340698  -0.709377288490  0.624793557736  -0.740178414594  0.822388467049  -0.261016740066  
0.624010677218  0.001475870043  -0.703462818202  0.625675393643  -0.740543081782  0.823381853785  -0.257877872744  
0.621827047892  0.001459833408  -0.697613159457  0.626548048332  -0.740899348630  0.824366406150  -0.254787326492  
0.617106552960  0.001423677981  -0.691980096401  0.627395196793  -0.741238433465  0.825317649711  -0.251838111788  
0.615629775019  0.001411155134  -0.686411840699  0.628230920306  -0.741569781828  0.826246631935  -0.248926689653  
0.611858592436  0.001387047776  -0.680989333658  0.629046644280  -0.741888810223  0.827144137787  -0.246103310401  
0.610405336342  0.001371386173  -0.675663611942  0.629849687933  -0.742198788509  0.828009131229  -0.243338829104  
0.608613969865  0.001356886950  -0.670418641587  0.630639874337  -0.742500685180  0.828850704629  -0.240621196249  
0.605081262672  0.001334198396  -0.665314371942  0.631411403013  -0.742791319106  0.829659820592  -0.237987953189  
0.604580775949  0.001324066820  -0.660261700310  0.632175110040  -0.743075949253  0.830448715207  -0.235385501898  
0.601760746618  0.001303548929  -0.655321447511  0.632924312322  -0.743351216584  0.831217514268  -0.232852679667  
0.597239232651  0.001272781210  -0.650566803489  0.633650318507  -0.743613322499  0.831956368583  -0.230432246025  
0.594281096650  0.001258504852  -0.645919784097  0.634360870599  -0.743867077276  0.832653852908  -0.228066113535  
0.592638956561  0.001246535377  -0.641338602648  0.635060176027  -0.744114665985  0.833332529108  -0.225735225465  
0.592420108153  0.001231695572  -0.636839152404  0.635750330327  -0.744355424852  0.833991343560  -0.223456797202  
0.590513423453  0.001220268112  -0.632421876637  0.636427220529  -0.744589551166  0.834618124939  -0.221218425282  
0.586055597030  0.001193346666  -0.628165337922  0.637083147401  -0.744812914167  0.835219034760  -0.219072841722  
0.585465836349  0.001188516102  -0.623948709705  0.637732391948  -0.745032215476  0.835792628150  -0.216945767490  
0.584682165868  0.001173986777  -0.619822602735  0.638370374626  -0.745244803142  0.836341673021  -0.214871674162  
0.583988811169  0.001166743432  -0.615741891685  0.639000445628  -0.745453126806  0.836870408697  -0.212819888299  
0.581890089386  0.001151075141  -0.611755320106  0.639618254963  -0.745654761941  0.837377258787  -0.210820960943  
0.577671377128  0.001126358506  -0.607931959412  0.640214010439  -0.745846429508  0.837849663155  -0.208909195425  
0.577393766459  0.001122379156  -0.604143636937  0.640803936680  -0.746034770648  0.838297866658  -0.207011402030  
0.575714719453  0.001111370065  -0.600420107537  0.641384639738  -0.746218218792  0.838728988518  -0.205151077548  
0.574951733645  0.001098210706  -0.596786506785  0.641952826087  -0.746395763490  0.839133318159  -0.203335652100  
0.571732775847  0.001085187150  -0.593248550322  0.642506963643  -0.746567231688  0.839507672476  -0.201567790571  
0.571988453120  0.001082489619  -0.589724058678  0.643059345843  -0.746736604478  0.839869896062  -0.199808968806  
0.570432616240  0.001063967418  -0.586328990388  0.643594669538  -0.746898489526  0.840199518815  -0.198116790986  
0.568119453853  0.001052398151  -0.583003099401  0.644119851805  -0.747055762898  0.840512704167  -0.196460394523  
0.567194018441  0.001041766105  -0.579750764002  0.644635429805  -0.747208382621  0.840803085701  -0.194841951721  
0.566961273468  0.001031522073  -0.576558691974  0.645143374416  -0.747356965734  0.841078884474  -0.193258094032  
0.565129811975  0.001022130792  -0.573448764560  0.645637521300  -0.747500723392  0.841323147416  -0.191708281811  
0.563838858906  0.001020905601  -0.570347361964  0.646129966497  -0.747642987659  0.841555944971  -0.190162145143  
0.562764599984  0.001007511965  -0.567342707466  0.646609960453  -0.747779827183  0.841761739436  -0.188665194250  
0.560345600240  0.000991922319  -0.564449533654  0.647074915457  -0.747910708386  0.841938683176  -0.187223433655  
0.559571878143  0.000992210942  -0.561570086202  0.647535945904  -0.748040050184  0.842097708268  -0.185785296383  
0.559045807815  0.000979010613  -0.558771811873  0.647987566334  -0.748164864561  0.842239605175  -0.184390367654  
0.559804291778  0.000983957567  -0.555958711788  0.648439471763  -0.748289495035  0.842366251621  -0.182983590421  
0.557754073709  0.000975519208  -0.553200493913  0.648882506742  -0.748410790768  0.842478385166  -0.181604189227  
0.556939304676  0.000957889792  -0.550564596897  0.649310301348  -0.748526005004  0.842562504896  -0.180286170089  
0.555587814661  0.000954612531  -0.547967135258  0.649733020401  -0.748638835348  0.842625471351  -0.178984962509  
0.553963527378  0.000947184916  -0.545417735598  0.650148348138  -0.748748840504  0.842675249328  -0.177707173418  
0.553880729133  0.000945941471  -0.542884938235  0.650559447194  -0.748857392324  0.842712233064  -0.176435472185  
0.551239012818  0.000927074264  -0.540484860630  0.650953937981  -0.748959726288  0.842719121262  -0.175227788577  
0.552583781269  0.000930791952  -0.538064636713  0.651350562900  -0.749062187765  0.842721059469  -0.174011389360  
0.551834330952  0.000928612378  -0.535705945158  0.651738437640  -0.749161643575  0.842684662647  -0.172816757868  
0.549426201188  0.000914917845  -0.533430497246  0.652114339197  -0.749256992774  0.842634430232  -0.171663639767  
0.550652408833  0.000914569784  -0.531140044003  0.652492622809  -0.749352238230  0.842589261392  -0.170508333369  
0.548414205553  0.000904512518  -0.528930705221  0.652859216951  -0.749443650259  0.842519950513  -0.169389501918  
0.547906226618  0.000902676498  -0.526750026184  0.653221233216  -0.749533394628  0.842433265659  -0.168281751346  
0.546814714962  0.000893727779  -0.524623278680  0.653575283326  -0.749620383302  0.842336538581  -0.167201231254  
0.546565071886  0.000895908208  -0.522504543137  0.653927399417  -0.749706584272  0.842223022996  -0.166121126150  
0.545718261015  0.000883860632  -0.520475345905  0.654267822569  -0.749788778212  0.842086997230  -0.165083243812  
0.545659190310  0.000883481071  -0.518444845403  0.654608029666  -0.749870480720  0.841948723624  -0.164046809037  
0.544077286650  0.000873478349  -0.516490143010  0.654937232866  -0.749948768168  0.841790653982  -0.163044983353  
0.546734036070  0.000884402378  -0.514481192519  0.655272696752  -0.750028713034  0.841627692507  -0.162015305742  
0.542121341410  0.000864418650  -0.512600428565  0.655591553101  -0.750103280673  0.841443552262  -0.161047416262  
0.541790256148  0.000863313922  -0.510734586081  0.655908101613  -0.750176844745  0.841249966017  -0.160086584891  
0.541999504546  0.000860771097  -0.508890253917  0.656221340214  -0.750249170798  0.841047294727  -0.159136100844  
0.541725336119  0.000857392451  -0.507089212317  0.656527864861  -0.750319505161  0.840825092237  -0.158203210700  
0.541519089962  0.000853527205  -0.505318765883  0.656830336068  -0.750388324475  0.840592025203  -0.157284127506  
0.539941427497  0.000845583102  -0.503603680478  0.657124892127  -0.750454699837  0.840346215764  -0.156391259988  
0.540545370148  0.000845010377  -0.501916725328  0.657415029978  -0.750519742028  0.840081777364  -0.155508192698  
0.538112864235  0.000835668378  -0.500273505737  0.657699097940  -0.750582758807  0.839815824868  -0.154648597494  
0.537500766062  0.000835601515  -0.498650228899  0.657979312524  -0.750644758168  0.839535102130  -0.153795832077  
0.537104267693  0.000832771944  -0.497071239671  0.658253274986  -0.750704888111  0.839233283354  -0.152960609392  
0.538333532225  0.000832811433  -0.495477591674  0.658529194647  -0.750765163384  0.838937049202  -0.152121417798  
0.536956659497  0.000830484491  -0.493908283751  0.658801254739  -0.750824262165  0.838630265367  -0.151292838062  
0.535625789628  0.000818463480  -0.492420706190  0.659063155473  -0.750880157693  0.838307227331  -0.150502249123  
0.537182942029  0.000826079690  -0.490914381238  0.659326810787  -0.750936510117  0.837969936095  -0.149698916761  
0.534484555988  0.000814519597  -0.489487919495  0.659579909015  -0.750989765362  0.837616833074  -0.148932939899  
0.536747410453  0.000815550677  -0.488068817131  0.659832316235  -0.751042535546  0.837253431685  -0.148168922976  
0.535801424666  0.000817933161  -0.486612260626  0.660088601571  -0.751096228714  0.836903203656  -0.147391945502  
0.534545978127  0.000806557319  -0.485250854265  0.660331940792  -0.751146433589  0.836527253994  -0.146655269033  
0.534300516695  0.000808671798  -0.483863511953  0.660577736955  -0.751197224795  0.836158259855  -0.145909061866  
0.533382347765  0.000207889055  -0.483863511953  0.660577736955  -0.751197224795  0.836158259855  -0.145909061866  
