Energy  St. dev  a[0] b[0] b[1] w[0][0] w[0][1] 
0.748746826387  0.002386516178  -0.867771146389  0.601875390949  -0.728901715585  0.795430015814  -0.351249359155  
0.713009902382  0.002131831777  -0.820516853156  0.608511374739  -0.732765433049  0.803005583202  -0.321953382831  
0.683729669257  0.001922376887  -0.778810057591  0.614464399789  -0.735910771732  0.810005444087  -0.297382023445  
0.661061351028  0.001749464315  -0.741623187933  0.619867679276  -0.738512617003  0.816403515149  -0.276434744020  
0.639551549232  0.001590724236  -0.708686993925  0.624733297254  -0.740658274020  0.822190161280  -0.258615678929  
0.623847725320  0.001474554535  -0.679017565119  0.629151830516  -0.742469732897  0.827218861320  -0.242932232710  
0.609536369499  0.001356996725  -0.652753865213  0.633117413272  -0.743978098125  0.831513316771  -0.229389061688  
0.595032792680  0.001260896263  -0.629366827198  0.636686147289  -0.745248266893  0.835092229243  -0.217517927217  
0.586306500303  0.001193883665  -0.608063930056  0.639961207330  -0.746347690825  0.838012835609  -0.206806485651  
0.576491263787  0.001113771594  -0.589335747710  0.642888425729  -0.747268761467  0.840250784028  -0.197488293507  
0.571858572467  0.001068175011  -0.572197591840  0.645582090471  -0.748075986865  0.841908135636  -0.188970902562  
0.562522741769  0.001009022602  -0.557143175047  0.647982425905  -0.748757009035  0.842944756639  -0.181485487137  
0.558966477616  0.000973191847  -0.543435244719  0.650194271236  -0.749354685158  0.843491988542  -0.174659782931  
0.553194184433  0.000937804119  -0.531110125094  0.652205562097  -0.749874133245  0.843556880707  -0.168485459397  
0.546575266971  0.000900272575  -0.520271029638  0.654006689309  -0.750317398301  0.843139668579  -0.163002166749  
0.546467572412  0.000885143662  -0.510127125739  0.655702694074  -0.750720295553  0.842406548534  -0.157831308629  
0.543155784227  0.000861417153  -0.501015702452  0.657256763084  -0.751072794630  0.841303860475  -0.153138037506  
0.539194569493  0.000843745783  -0.492643673450  0.658690251778  -0.751388607774  0.839933938626  -0.148769816361  
0.536600051302  0.000822667040  -0.485352307577  0.659978453512  -0.751658748634  0.838156849018  -0.144869523556  
0.534867015061  0.000808649984  -0.478632006711  0.661175688565  -0.751902493737  0.836185771243  -0.141227685172  
0.532093136546  0.000794602367  -0.472509910899  0.662290409339  -0.752120553038  0.834010966431  -0.137856682556  
0.529759777073  0.000784630564  -0.466809210494  0.663339521842  -0.752319843454  0.831684287026  -0.134676225572  
0.527876859859  0.000773984653  -0.461695696295  0.664301825536  -0.752496455188  0.829125232300  -0.131741672748  
0.526897786824  0.000764763516  -0.456913697025  0.665217064057  -0.752658947516  0.826463700703  -0.128963591491  
0.526916499272  0.000756871357  -0.452656143489  0.666059536413  -0.752802700115  0.823574352520  -0.126396886479  
0.524376369963  0.000742881571  -0.448779014888  0.666846596785  -0.752932005596  0.820630720522  -0.124019855798  
0.522840777930  0.000732720732  -0.445038677281  0.667606258781  -0.753054269073  0.817720038535  -0.121735838910  
0.522894937937  0.000729321055  -0.441650508405  0.668315713838  -0.753164798532  0.814621525070  -0.119580477859  
0.520713414768  0.000712139623  -0.438571799358  0.668979511478  -0.753264128975  0.811555508428  -0.117594935253  
0.521004737158  0.000712012882  -0.435603846265  0.669622663715  -0.753358896833  0.808398766347  -0.115650049230  
0.519406698183  0.000702997443  -0.432939257041  0.670220102759  -0.753443902117  0.805166116604  -0.113837996549  
0.518977444870  0.000696120941  -0.430321020993  0.670810104660  -0.753525955032  0.801971973639  -0.112069685525  
0.518961708774  0.000693962093  -0.427931346964  0.671365192362  -0.753600996637  0.798651781301  -0.110386343943  
0.517454120143  0.000686769097  -0.425586912315  0.671910116359  -0.753673336384  0.795376793682  -0.108746075844  
0.517934695653  0.000681349942  -0.423305834521  0.672441354357  -0.753742793545  0.792110869838  -0.107144683562  
0.516837232469  0.000670607837  -0.421171530836  0.672945884794  -0.753807218426  0.788881307915  -0.105625851025  
0.516187069173  0.000661182998  -0.419481097691  0.673393633090  -0.753860046761  0.785507622447  -0.104285373865  
0.514790483030  0.000655042630  -0.417713949536  0.673848801414  -0.753913679658  0.782229020844  -0.102936362831  
0.514954806533  0.000653313126  -0.415996826634  0.674289179818  -0.753965344021  0.778922155761  -0.101610180485  
0.514673533478  0.000644759011  -0.414319358734  0.674725284060  -0.754015078016  0.775679942776  -0.100323121070  
0.514816336160  0.000643393932  -0.412667565105  0.675154325229  -0.754063559364  0.772415942706  -0.099048005984  
0.513421601359  0.000632123599  -0.411198790730  0.675552856485  -0.754106945858  0.769176806484  -0.097866195551  
0.513930543916  0.000631277080  -0.409780442492  0.675948537854  -0.754148706006  0.765896305375  -0.096705384357  
0.512829855475  0.000620045339  -0.408263980596  0.676351061861  -0.754191534091  0.762792690035  -0.095543356031  
0.513738465989  0.000621152552  -0.406846832950  0.676741007409  -0.754231831119  0.759596941352  -0.094411921377  
0.513339678305  0.000614252886  -0.405448749488  0.677124180634  -0.754270987175  0.756456617499  -0.093304010434  
0.511417462456  0.000602775871  -0.404229116286  0.677480668374  -0.754305595722  0.753345124369  -0.092285711808  
0.511712271670  0.000603150105  -0.402990768587  0.677838217372  -0.754340263770  0.750214501931  -0.091257479043  
0.511888136475  0.000595372117  -0.401634829226  0.678205281288  -0.754376513973  0.747229877572  -0.090214031440  
0.512261069017  0.000592005031  -0.400466737819  0.678547259276  -0.754408572929  0.744162407028  -0.089238868154  
0.510589897382  0.000585261315  -0.399339972862  0.678880021990  -0.754439244973  0.741136880211  -0.088293128046  
0.511366472494  0.000582308691  -0.398146855522  0.679222566218  -0.754470757230  0.738164937709  -0.087334251038  
0.510558076191  0.000574362089  -0.397063270674  0.679549058470  -0.754499568340  0.735213870966  -0.086431222995  
0.510024724227  0.000568917331  -0.395941939201  0.679874267340  -0.754528624467  0.732331535267  -0.085526290363  
0.510600570721  0.000564085657  -0.394937572922  0.680186196240  -0.754555048372  0.729426032541  -0.084671632812  
0.509944746351  0.000557738943  -0.393931410799  0.680494565363  -0.754581021552  0.726583290377  -0.083831857585  
0.509972984937  0.000556510804  -0.392964587302  0.680794653034  -0.754606007585  0.723714016879  -0.083005245101  
0.509360303211  0.000550860664  -0.391815927013  0.681112472527  -0.754633861345  0.720996654397  -0.082130793320  
0.509556161713  0.000547183808  -0.390761474372  0.681419357664  -0.754659619884  0.718255398241  -0.081296510326  
0.509000774874  0.000540959770  -0.389851244323  0.681707617749  -0.754682393161  0.715493542430  -0.080523012823  
0.508770964870  0.000539277708  -0.388830404385  0.682005496939  -0.754706821023  0.712797556507  -0.079717563271  
0.508277012858  0.000530641835  -0.387845729100  0.682298540868  -0.754730155838  0.710169047941  -0.078941485791  
0.509572158757  0.000532124286  -0.386811224498  0.682597101449  -0.754754158302  0.707533439242  -0.078146171575  
0.508594809052  0.000527129346  -0.385727748540  0.682897174087  -0.754778600222  0.704970816026  -0.077345809684  
0.508472996114  0.000520356378  -0.384856580259  0.683171009781  -0.754799047257  0.702356806792  -0.076629085620  
0.508508963185  0.000517279599  -0.383947711998  0.683450525043  -0.754819863921  0.699784019375  -0.075905998756  
0.507837436354  0.000513145141  -0.383000990352  0.683731142475  -0.754841020717  0.697265763245  -0.075177397155  
0.508195000729  0.000512507799  -0.381924497089  0.684024030735  -0.754864059711  0.694813373461  -0.074408696411  
0.507219091604  0.000502696441  -0.381105209976  0.684282848408  -0.754882475521  0.692320316905  -0.073742138318  
0.508195985547  0.000502873057  -0.380151547997  0.684557541744  -0.754902873884  0.689885864039  -0.073032312611  
0.508033851084  0.000502675056  -0.379248904380  0.684829646783  -0.754922275439  0.687409177705  -0.072339649354  
0.507251954602  0.000493698551  -0.378441643377  0.685083654383  -0.754939785685  0.684972515599  -0.071694004468  
0.508388592898  0.000492549205  -0.377500633814  0.685353127030  -0.754959179092  0.682611681250  -0.071008813488  
0.506797623421  0.000485139705  -0.376654936979  0.685606820641  -0.754976760410  0.680271395158  -0.070367401768  
0.507472055083  0.000484722159  -0.375803163950  0.685861496818  -0.754994273930  0.677925013335  -0.069724411552  
0.507157506240  0.000480123738  -0.374913890052  0.686117681363  -0.755012093435  0.675641000786  -0.069077676059  
0.507116209108  0.000477493161  -0.374037051261  0.686369884540  -0.755029495268  0.673368835483  -0.068440378304  
0.506712226483  0.000472771379  -0.373232625025  0.686612742092  -0.755045570402  0.671097967976  -0.067834662173  
0.507158130423  0.000468966482  -0.372333479027  0.686865498459  -0.755062811521  0.668913251902  -0.067206071646  
0.506247706418  0.000463953317  -0.371571818098  0.687098632968  -0.755077789858  0.666696961386  -0.066629946499  
0.507825490380  0.000468334562  -0.370555765058  0.687361962505  -0.755096397365  0.664560858362  -0.065964913621  
0.505850083183  0.000455517842  -0.369786954409  0.687592410837  -0.755111041640  0.662422109064  -0.065401109737  
0.505958272497  0.000455180201  -0.368966854848  0.687829040919  -0.755126279724  0.660304530836  -0.064821657106  
0.505828369949  0.000452339212  -0.368105965710  0.688068666319  -0.755141906755  0.658230969683  -0.064233654051  
0.505994905586  0.000449683980  -0.367282105408  0.688302325483  -0.755156817996  0.656156630326  -0.063662727973  
0.506298648815  0.000448271100  -0.366441431157  0.688536736982  -0.755171804042  0.654096547046  -0.063088754805  
0.505648548371  0.000442375076  -0.365678025552  0.688759543516  -0.755185494649  0.652049312464  -0.062549153607  
0.506203063891  0.000441353556  -0.364911289012  0.688981692818  -0.755199095034  0.650004764697  -0.062010172766  
0.505204014552  0.000435437761  -0.364139483917  0.689202268738  -0.755212558989  0.648018432533  -0.061477901569  
0.504951243667  0.000434694870  -0.363390316438  0.689419838164  -0.755225585243  0.646017976470  -0.060955002838  
0.505114957845  0.000432093656  -0.362658468690  0.689634110310  -0.755238229291  0.644026659538  -0.060441682339  
0.505743568185  0.000428964662  -0.361834917437  0.689857308955  -0.755251921460  0.642112363661  -0.059903581774  
0.505221308983  0.000427164817  -0.361010228448  0.690079554962  -0.755265472598  0.640209563111  -0.059368506910  
0.504638892065  0.000419648198  -0.360334666641  0.690284133840  -0.755276878781  0.638294679186  -0.058891812514  
0.505804107656  0.000423165605  -0.359541708675  0.690502249313  -0.755289743010  0.636397485147  -0.058372471085  
0.504584886039  0.000416516589  -0.358864683718  0.690704876262  -0.755300924349  0.634499529051  -0.057900498310  
0.505619242578  0.000415856104  -0.358164113327  0.690909985239  -0.755312302750  0.632612455395  -0.057421922896  
0.505124410493  0.000413642547  -0.357312328950  0.691129390925  -0.755325434428  0.630827621054  -0.056898273049  
0.504983435504  0.000410402840  -0.356616441718  0.691330157589  -0.755336481508  0.628979528322  -0.056428900252  
0.504965136406  0.000408411386  -0.355852562853  0.691537142265  -0.755348241014  0.627183363540  -0.055940676919  
0.504720439239  0.000104694510  -0.355852562853  0.691537142265  -0.755348241014  0.627183363540  -0.055940676919  
