3.131785 
3.131783 
3.131780 
3.131777 
3.131774 
3.131771 
3.131768 
3.131765 
3.131763 
3.131760 
3.131757 
3.131754 
3.131751 
3.131748 
3.131745 
3.131743 
3.131740 
3.131737 
3.131734 
3.131731 
3.131728 
3.131725 
3.131723 
3.131720 
3.131717 
3.131714 
3.131711 
3.131708 
3.131705 
3.131703 
3.131700 
3.131697 
3.131694 
3.131691 
3.131688 
3.131685 
3.131683 
3.131680 
3.131677 
3.131674 
3.131671 
3.131668 
3.131665 
3.131663 
3.131660 
3.131657 
3.131654 
3.131651 
3.131648 
3.131645 
3.131643 
3.131640 
3.131637 
3.131634 
3.131631 
3.131628 
3.131626 
3.131623 
3.131620 
3.131617 
3.131614 
3.131611 
3.131608 
3.131606 
3.131603 
3.131600 
3.131597 
3.131594 
3.131591 
3.131588 
3.131586 
3.131583 
3.131580 
3.131577 
3.131574 
3.131571 
3.131568 
3.131566 
3.131563 
3.131560 
3.131557 
3.131554 
3.131551 
3.131548 
3.131546 
3.131543 
3.131540 
3.131537 
3.131534 
3.131531 
3.131528 
3.131526 
3.131523 
3.131520 
3.131517 
3.131514 
3.131511 
3.131508 
3.131506 
3.131503 
3.131500 
3.131497 
3.131494 
3.131491 
3.131488 
3.131486 
3.131483 
3.131480 
3.131477 
3.131474 
3.131471 
3.131468 
3.131466 
3.131463 
3.131460 
3.131457 
3.131454 
3.131451 
3.131448 
3.131446 
3.131443 
3.131440 
3.131437 
3.131434 
3.131431 
3.131428 
3.131426 
3.131423 
3.131420 
3.131417 
3.131414 
3.131411 
3.131408 
3.131406 
3.131403 
3.131400 
3.131397 
3.131394 
3.131391 
3.131388 
3.131386 
3.131383 
3.131380 
3.131377 
3.131374 
3.131371 
3.131369 
3.131366 
3.131363 
3.131360 
3.131357 
3.131354 
3.131351 
3.131349 
3.131346 
3.131343 
3.131340 
3.131337 
3.131334 
3.131331 
3.131329 
3.131326 
3.131323 
3.131320 
3.131317 
3.131314 
3.131311 
3.131309 
3.131306 
3.131303 
3.131300 
3.131297 
3.131294 
3.131291 
3.131289 
3.131286 
3.131283 
3.131280 
3.131277 
3.131274 
3.131271 
3.131269 
3.131266 
3.131263 
3.131260 
3.131257 
3.131254 
3.131251 
3.131249 
3.131246 
3.131243 
3.131240 
3.131237 
3.131234 
3.131231 
3.131229 
3.131226 
3.131223 
3.131220 
3.131217 
3.131214 
3.131211 
3.131209 
3.131206 
3.131203 
3.131200 
3.131197 
3.131194 
3.131191 
3.131189 
3.131186 
3.131183 
3.131180 
3.131177 
3.131174 
3.131171 
3.131169 
3.131166 
3.131163 
3.131160 
3.131157 
3.131154 
3.131151 
3.131149 
3.131146 
3.131143 
3.131140 
3.131137 
3.131134 
3.131131 
3.131129 
3.131126 
3.131123 
3.131120 
3.131117 
3.131114 
3.131112 
3.131109 
3.131106 
3.131103 
3.131100 
3.131097 
3.131094 
3.131092 
3.131089 
3.131086 
3.131083 
3.131080 
3.131077 
3.131074 
3.131072 
3.131069 
3.131066 
3.131063 
3.131060 
3.131057 
3.131054 
3.131052 
3.131049 
3.131046 
3.131043 
3.131040 
3.131037 
3.131034 
3.131032 
3.131029 
3.131026 
3.131023 
3.131020 
3.131017 
3.131014 
3.131012 
3.131009 
3.131006 
3.131003 
3.131000 
3.130997 
3.130994 
3.130992 
3.130989 
3.130986 
3.130983 
3.130980 
3.130977 
3.130974 
3.130972 
3.130969 
3.130966 
3.130963 
3.130960 
3.130957 
3.130954 
3.130952 
3.130949 
3.130946 
3.130943 
3.130940 
3.130937 
3.130934 
3.130932 
3.130929 
3.130926 
3.130923 
3.130920 
3.130917 
3.130914 
3.130912 
3.130909 
3.130906 
3.130903 
3.130900 
3.130897 
3.130894 
3.130892 
3.130889 
3.130886 
3.130883 
3.130880 
3.130877 
3.130874 
3.130872 
3.130869 
3.130866 
3.130863 
3.130860 
3.130857 
3.130855 
3.130852 
3.130849 
3.130846 
3.130843 
3.130840 
3.130837 
3.130835 
3.130832 
3.130829 
3.130826 
3.130823 
3.130820 
3.130817 
3.130815 
3.130812 
3.130809 
3.130806 
3.130803 
3.130800 
3.130797 
3.130795 
3.130792 
3.130789 
3.130786 
3.130783 
3.130780 
3.130777 
3.130775 
3.130772 
3.130769 
3.130766 
3.130763 
3.130760 
3.130757 
3.130755 
3.130752 
3.130749 
3.130746 
3.130743 
3.130740 
3.130737 
3.130735 
3.130732 
3.130729 
3.130726 
3.130723 
3.130720 
3.130717 
3.130715 
3.130712 
3.130709 
3.130706 
3.130703 
3.130700 
3.130697 
3.130695 
3.130692 
3.130689 
3.130686 
3.130683 
3.130680 
3.130677 
3.130675 
3.130672 
3.130669 
3.130666 
3.130663 
3.130660 
3.130657 
3.130655 
3.130652 
3.130649 
3.130646 
3.130643 
