3.067019 
3.067022 
3.067024 
3.067026 
3.067029 
3.067031 
3.067033 
3.067035 
3.067038 
3.067040 
3.067042 
3.067045 
3.067047 
3.067049 
3.067051 
3.067054 
3.067056 
3.067058 
3.067061 
3.067063 
3.067065 
3.067067 
3.067070 
3.067072 
3.067074 
3.067077 
3.067079 
3.067081 
3.067083 
3.067086 
3.067088 
3.067090 
3.067093 
3.067095 
3.067097 
3.067100 
3.067102 
3.067104 
3.067106 
3.067109 
3.067111 
3.067113 
3.067116 
3.067118 
3.067120 
3.067122 
3.067125 
3.067127 
3.067129 
3.067132 
3.067134 
3.067136 
3.067138 
3.067141 
3.067143 
3.067145 
3.067148 
3.067150 
3.067152 
3.067155 
3.067157 
3.067159 
3.067161 
3.067164 
3.067166 
3.067168 
3.067171 
3.067173 
3.067175 
3.067177 
3.067180 
3.067182 
3.067184 
3.067187 
3.067189 
3.067191 
3.067193 
3.067196 
3.067198 
3.067200 
3.067203 
3.067205 
3.067207 
3.067210 
3.067212 
3.067214 
3.067216 
3.067219 
3.067221 
3.067223 
3.067226 
3.067228 
3.067230 
3.067232 
3.067235 
3.067237 
3.067239 
3.067242 
3.067244 
3.067246 
3.067248 
3.067251 
3.067253 
3.067255 
3.067258 
3.067260 
3.067262 
3.067264 
3.067267 
3.067269 
3.067271 
3.067274 
3.067276 
3.067278 
3.067281 
3.067283 
3.067285 
3.067287 
3.067290 
3.067292 
3.067294 
3.067297 
3.067299 
3.067301 
3.067303 
3.067306 
3.067308 
3.067310 
3.067313 
3.067315 
3.067317 
3.067319 
3.067322 
3.067324 
3.067326 
3.067329 
3.067331 
3.067333 
3.067336 
3.067338 
3.067340 
3.067342 
3.067345 
3.067347 
3.067349 
3.067352 
3.067354 
3.067356 
3.067358 
3.067361 
3.067363 
3.067365 
3.067368 
3.067370 
3.067372 
3.067374 
3.067377 
3.067379 
3.067381 
3.067384 
3.067386 
3.067388 
3.067391 
3.067393 
3.067395 
3.067397 
3.067400 
3.067402 
3.067404 
3.067407 
3.067409 
3.067411 
3.067413 
3.067416 
3.067418 
3.067420 
3.067423 
3.067425 
3.067427 
3.067429 
3.067432 
3.067434 
3.067436 
3.067439 
3.067441 
3.067443 
3.067445 
3.067448 
3.067450 
3.067452 
3.067455 
3.067457 
3.067459 
3.067462 
3.067464 
3.067466 
3.067468 
3.067471 
3.067473 
3.067475 
3.067478 
3.067480 
3.067482 
3.067484 
3.067487 
3.067489 
3.067491 
3.067494 
3.067496 
3.067498 
3.067500 
3.067503 
3.067505 
3.067507 
3.067510 
3.067512 
3.067514 
3.067517 
3.067519 
3.067521 
3.067523 
3.067526 
3.067528 
3.067530 
3.067533 
3.067535 
3.067537 
3.067539 
3.067542 
3.067544 
3.067546 
3.067549 
3.067551 
3.067553 
3.067555 
3.067558 
3.067560 
3.067562 
3.067565 
3.067567 
3.067569 
3.067572 
3.067574 
3.067576 
3.067578 
3.067581 
3.067583 
3.067585 
3.067588 
3.067590 
3.067592 
3.067594 
3.067597 
3.067599 
3.067601 
3.067604 
3.067606 
3.067608 
3.067610 
3.067613 
3.067615 
3.067617 
3.067620 
3.067622 
3.067624 
3.067626 
3.067629 
3.067631 
3.067633 
3.067636 
3.067638 
3.067640 
3.067643 
3.067645 
3.067647 
3.067649 
3.067652 
3.067654 
3.067656 
3.067659 
3.067661 
3.067663 
3.067665 
3.067668 
3.067670 
3.067672 
3.067675 
3.067677 
3.067679 
3.067681 
3.067684 
3.067686 
3.067688 
3.067691 
3.067693 
3.067695 
3.067698 
3.067700 
3.067702 
3.067704 
3.067707 
3.067709 
3.067711 
3.067714 
3.067716 
3.067718 
3.067720 
3.067723 
3.067725 
3.067727 
3.067730 
3.067732 
3.067734 
3.067736 
3.067739 
3.067741 
3.067743 
3.067746 
3.067748 
3.067750 
3.067752 
3.067755 
3.067757 
3.067759 
3.067762 
3.067764 
3.067766 
3.067769 
3.067771 
3.067773 
3.067775 
3.067778 
3.067780 
3.067782 
3.067785 
3.067787 
3.067789 
3.067791 
3.067794 
3.067796 
3.067798 
3.067801 
3.067803 
3.067805 
3.067807 
3.067810 
3.067812 
3.067814 
3.067817 
3.067819 
3.067821 
3.067824 
3.067826 
3.067828 
3.067830 
3.067833 
3.067835 
3.067837 
3.067840 
3.067842 
3.067844 
3.067846 
3.067849 
3.067851 
3.067853 
3.067856 
3.067858 
3.067860 
3.067862 
3.067865 
3.067867 
3.067869 
3.067872 
3.067874 
3.067876 
3.067879 
3.067881 
3.067883 
3.067885 
3.067888 
3.067890 
3.067892 
3.067895 
3.067897 
3.067899 
3.067901 
3.067904 
3.067906 
3.067908 
3.067911 
3.067913 
3.067915 
3.067917 
3.067920 
3.067922 
3.067924 
3.067927 
3.067929 
3.067931 
3.067933 
3.067936 
