3.061806 
3.061809 
3.061811 
3.061814 
3.061817 
3.061820 
3.061823 
3.061826 
3.061828 
3.061831 
3.061834 
3.061837 
3.061840 
3.061843 
3.061846 
3.061848 
3.061851 
3.061854 
3.061857 
3.061860 
3.061863 
3.061865 
3.061868 
3.061871 
3.061874 
3.061877 
3.061880 
3.061883 
3.061885 
3.061888 
3.061891 
3.061894 
3.061897 
3.061900 
3.061902 
3.061905 
3.061908 
3.061911 
3.061914 
3.061917 
3.061920 
3.061922 
3.061925 
3.061928 
3.061931 
3.061934 
3.061937 
3.061939 
3.061942 
3.061945 
3.061948 
3.061951 
3.061954 
3.061956 
3.061959 
3.061962 
3.061965 
3.061968 
3.061971 
3.061974 
3.061976 
3.061979 
3.061982 
3.061985 
3.061988 
3.061991 
3.061993 
3.061996 
3.061999 
3.062002 
3.062005 
3.062008 
3.062011 
3.062013 
3.062016 
3.062019 
3.062022 
3.062025 
3.062028 
3.062030 
3.062033 
3.062036 
3.062039 
3.062042 
3.062045 
3.062048 
3.062050 
3.062053 
3.062056 
3.062059 
3.062062 
3.062065 
3.062067 
3.062070 
3.062073 
3.062076 
3.062079 
3.062082 
3.062084 
3.062087 
3.062090 
3.062093 
3.062096 
3.062099 
3.062102 
3.062104 
3.062107 
3.062110 
3.062113 
3.062116 
3.062119 
3.062121 
3.062124 
3.062127 
3.062130 
3.062133 
3.062136 
3.062139 
3.062141 
3.062144 
3.062147 
3.062150 
3.062153 
3.062156 
3.062158 
3.062161 
3.062164 
3.062167 
3.062170 
3.062173 
3.062176 
3.062178 
3.062181 
3.062184 
3.062187 
3.062190 
3.062193 
3.062195 
3.062198 
3.062201 
3.062204 
3.062207 
3.062210 
3.062212 
3.062215 
3.062218 
3.062221 
3.062224 
3.062227 
3.062230 
3.062232 
3.062235 
3.062238 
3.062241 
3.062244 
3.062247 
3.062249 
3.062252 
3.062255 
3.062258 
3.062261 
3.062264 
3.062267 
3.062269 
3.062272 
3.062275 
3.062278 
3.062281 
3.062284 
3.062286 
3.062289 
3.062292 
3.062295 
3.062298 
3.062301 
3.062303 
3.062306 
3.062309 
3.062312 
3.062315 
3.062318 
3.062321 
3.062323 
3.062326 
3.062329 
3.062332 
3.062335 
3.062338 
3.062340 
3.062343 
3.062346 
3.062349 
3.062352 
3.062355 
3.062358 
3.062360 
3.062363 
3.062366 
3.062369 
3.062372 
3.062375 
3.062377 
3.062380 
3.062383 
3.062386 
3.062389 
3.062392 
3.062395 
3.062397 
3.062400 
3.062403 
3.062406 
3.062409 
3.062412 
3.062414 
3.062417 
3.062420 
3.062423 
3.062426 
3.062429 
3.062431 
3.062434 
3.062437 
3.062440 
3.062443 
3.062446 
3.062449 
3.062451 
3.062454 
3.062457 
3.062460 
3.062463 
3.062466 
3.062468 
3.062471 
3.062474 
3.062477 
3.062480 
3.062483 
3.062486 
3.062488 
3.062491 
3.062494 
3.062497 
3.062500 
3.062503 
3.062505 
3.062508 
3.062511 
3.062514 
3.062517 
3.062520 
3.062523 
3.062525 
3.062528 
3.062531 
3.062534 
3.062537 
3.062540 
3.062542 
3.062545 
3.062548 
3.062551 
3.062554 
3.062557 
3.062559 
3.062562 
3.062565 
3.062568 
3.062571 
3.062574 
3.062577 
3.062579 
3.062582 
3.062585 
3.062588 
3.062591 
3.062594 
3.062596 
3.062599 
3.062602 
3.062605 
3.062608 
3.062611 
3.062614 
3.062616 
3.062619 
3.062622 
3.062625 
3.062628 
3.062631 
3.062633 
3.062636 
3.062639 
3.062642 
3.062645 
3.062648 
3.062650 
3.062653 
3.062656 
3.062659 
3.062662 
3.062665 
3.062668 
3.062670 
3.062673 
3.062676 
3.062679 
3.062682 
3.062685 
3.062687 
3.062690 
3.062693 
3.062696 
3.062699 
3.062702 
3.062705 
3.062707 
3.062710 
3.062713 
3.062716 
3.062719 
3.062722 
3.062724 
3.062727 
3.062730 
3.062733 
3.062736 
3.062739 
3.062742 
3.062744 
3.062747 
3.062750 
3.062753 
3.062756 
3.062759 
3.062761 
3.062764 
3.062767 
3.062770 
3.062773 
3.062776 
3.062778 
3.062781 
3.062784 
3.062787 
3.062790 
3.062793 
3.062796 
3.062798 
3.062801 
3.062804 
3.062807 
3.062810 
3.062813 
3.062815 
3.062818 
3.062821 
3.062824 
3.062827 
3.062830 
3.062833 
3.062835 
3.062838 
3.062841 
3.062844 
3.062847 
3.062850 
3.062852 
3.062855 
3.062858 
3.062861 
3.062864 
3.062867 
3.062870 
3.062872 
3.062875 
3.062878 
3.062881 
3.062884 
3.062887 
3.062889 
3.062892 
3.062895 
3.062898 
3.062901 
3.062904 
3.062906 
3.062909 
3.062912 
3.062915 
3.062918 
3.062921 
3.062924 
3.062926 
3.062929 
3.062932 
3.062935 
3.062938 
3.062941 
3.062943 
