3.068061 
3.068046 
3.068031 
3.068016 
3.068000 
3.067985 
3.067970 
3.067955 
3.067939 
3.067924 
3.067909 
3.067894 
3.067878 
3.067863 
3.067848 
3.067833 
3.067818 
3.067802 
3.067787 
3.067772 
3.067757 
3.067741 
3.067726 
3.067711 
3.067696 
3.067681 
3.067665 
3.067650 
3.067635 
3.067620 
3.067604 
3.067589 
3.067574 
3.067559 
3.067544 
3.067528 
3.067513 
3.067498 
3.067483 
3.067467 
3.067452 
3.067437 
3.067422 
3.067406 
3.067391 
3.067376 
3.067361 
3.067346 
3.067330 
3.067315 
3.067300 
3.067285 
3.067269 
3.067254 
3.067239 
3.067224 
3.067209 
3.067193 
3.067178 
3.067163 
3.067148 
3.067132 
3.067117 
3.067102 
3.067087 
3.067071 
3.067056 
3.067041 
3.067026 
3.067011 
3.066995 
3.066980 
3.066965 
3.066950 
3.066934 
3.066919 
3.066904 
3.066889 
3.066874 
3.066858 
3.066843 
3.066828 
3.066813 
3.066797 
3.066782 
3.066767 
3.066752 
3.066737 
3.066721 
3.066706 
3.066691 
3.066676 
3.066660 
3.066645 
3.066630 
3.066615 
3.066599 
3.066584 
3.066569 
3.066554 
3.066539 
3.066523 
3.066508 
3.066493 
3.066478 
3.066462 
3.066447 
3.066432 
3.066417 
3.066402 
3.066386 
3.066371 
3.066356 
3.066341 
3.066325 
3.066310 
3.066295 
3.066280 
3.066264 
3.066249 
3.066234 
3.066219 
3.066204 
3.066188 
3.066173 
3.066158 
3.066143 
3.066127 
3.066112 
3.066097 
3.066082 
3.066067 
3.066051 
3.066036 
3.066021 
3.066006 
3.065990 
3.065975 
3.065960 
3.065945 
3.065930 
3.065914 
3.065899 
3.065884 
3.065869 
3.065853 
3.065838 
3.065823 
3.065808 
3.065792 
3.065777 
3.065762 
3.065747 
3.065732 
3.065716 
3.065701 
3.065686 
3.065671 
3.065655 
3.065640 
3.065625 
3.065610 
3.065595 
3.065579 
3.065564 
3.065549 
3.065534 
3.065518 
3.065503 
3.065488 
3.065473 
3.065457 
3.065442 
3.065427 
3.065412 
3.065397 
3.065381 
3.065366 
3.065351 
3.065336 
3.065320 
3.065305 
3.065290 
3.065275 
3.065260 
3.065244 
3.065229 
3.065214 
3.065199 
3.065183 
3.065168 
3.065153 
3.065138 
3.065123 
3.065107 
3.065092 
3.065077 
3.065062 
3.065046 
3.065031 
3.065016 
3.065001 
3.064985 
3.064970 
3.064955 
3.064940 
3.064925 
3.064909 
3.064894 
3.064879 
3.064864 
3.064848 
3.064833 
3.064818 
3.064803 
3.064788 
3.064772 
3.064757 
3.064742 
3.064727 
3.064711 
3.064696 
3.064681 
3.064666 
3.064651 
3.064635 
3.064620 
3.064605 
3.064590 
3.064574 
3.064559 
3.064544 
3.064529 
3.064513 
3.064498 
3.064483 
3.064468 
3.064453 
3.064437 
3.064422 
3.064407 
3.064392 
3.064376 
3.064361 
3.064346 
3.064331 
3.064316 
3.064300 
3.064285 
3.064270 
3.064255 
3.064239 
3.064224 
3.064209 
3.064194 
3.064178 
3.064163 
3.064148 
3.064133 
3.064118 
3.064102 
3.064087 
3.064072 
3.064057 
3.064041 
3.064026 
3.064011 
3.063996 
3.063981 
3.063965 
3.063950 
3.063935 
3.063920 
3.063904 
3.063889 
3.063874 
3.063859 
3.063844 
3.063828 
3.063813 
3.063798 
3.063783 
3.063767 
3.063752 
3.063737 
3.063722 
3.063706 
3.063691 
3.063676 
3.063661 
3.063646 
3.063630 
3.063615 
3.063600 
3.063585 
3.063569 
3.063554 
3.063539 
3.063524 
3.063509 
3.063493 
3.063478 
3.063463 
3.063448 
3.063432 
3.063417 
3.063402 
3.063387 
3.063371 
3.063356 
3.063341 
3.063326 
3.063311 
3.063295 
3.063280 
3.063265 
3.063250 
3.063234 
3.063219 
3.063204 
3.063189 
3.063174 
3.063158 
3.063143 
3.063128 
3.063113 
3.063097 
3.063082 
3.063067 
3.063052 
3.063037 
3.063021 
3.063006 
3.062991 
3.062976 
3.062960 
3.062945 
3.062930 
3.062915 
3.062899 
3.062884 
3.062869 
3.062854 
3.062839 
3.062823 
3.062808 
3.062793 
3.062778 
3.062762 
3.062747 
3.062732 
3.062717 
3.062702 
3.062686 
3.062671 
3.062656 
3.062641 
3.062625 
3.062610 
3.062595 
3.062580 
3.062564 
3.062549 
3.062534 
3.062519 
3.062504 
3.062488 
3.062473 
3.062458 
3.062443 
3.062427 
3.062412 
3.062397 
3.062382 
3.062367 
3.062351 
3.062336 
3.062321 
3.062306 
3.062290 
3.062275 
3.062260 
3.062245 
3.062230 
3.062214 
3.062199 
3.062184 
3.062169 
3.062153 
3.062138 
3.062123 
3.062108 
3.062092 
3.062077 
3.062062 
3.062047 
3.062032 
3.062016 
3.062001 
3.061986 
3.061971 
