Energy  St. dev  a[0] b[0] b[1] w[0][0] w[0][1] 
0.731537478844  0.001908197468  -0.840159264042  0.609267978455  -0.731530371403  0.815310152442  -0.347721886277  
0.650703061169  0.001537873789  -0.775828526077  0.621319002716  -0.736734079374  0.839219742322  -0.319116939884  
0.599716368378  0.001270046022  -0.724036208175  0.631264632894  -0.740548881462  0.859245398552  -0.297113968972  
0.562716071230  0.001040654734  -0.683983085995  0.639141277629  -0.743283253417  0.874960490860  -0.280574986993  
0.546821295168  0.000906621571  -0.651002722696  0.645764902631  -0.745409812623  0.887481479345  -0.267034512579  
0.531210020972  0.000777526236  -0.625416903609  0.651024247098  -0.746982958944  0.896749494948  -0.256524330741  
0.522075281775  0.000688584036  -0.605544413726  0.655227796992  -0.748163586296  0.903271414590  -0.248244483959  
0.519453876801  0.000642727581  -0.589108015157  0.658802663473  -0.749115818426  0.907938679143  -0.241243909584  
0.514946528483  0.000596013264  -0.576296462591  0.661685146950  -0.749845362179  0.910782410977  -0.235598142189  
0.513941000920  0.000570500385  -0.566028791660  0.664097333310  -0.750425072104  0.912229504855  -0.230869711058  
0.514349946319  0.000556770690  -0.557633398116  0.666165383064  -0.750898109244  0.912580134435  -0.226795792717  
0.511869140657  0.000538095182  -0.551230215738  0.667852890686  -0.751262322376  0.911892168840  -0.223445135823  
0.511204023662  0.000529682220  -0.545542752948  0.669391582476  -0.751584863994  0.910845798283  -0.220368589512  
0.509852932693  0.000520674078  -0.541045718119  0.670706498713  -0.751844874895  0.909152942491  -0.217717787420  
0.510073017900  0.000515786071  -0.537068574185  0.671918129820  -0.752076375054  0.907185730517  -0.215260102739  
0.509547262573  0.000507894910  -0.533628654239  0.673014831168  -0.752278785939  0.904990217583  -0.213013196211  
0.510195954032  0.000508371529  -0.530490764227  0.674059475848  -0.752465165345  0.902573212611  -0.210866737311  
0.510767095298  0.000507065853  -0.527669898292  0.675037571770  -0.752634736019  0.899959043838  -0.208832544711  
0.510242074776  0.000501858608  -0.525504483532  0.675903428837  -0.752772599625  0.896999854030  -0.207032047443  
0.510325329298  0.000494088187  -0.523634917389  0.676697977519  -0.752894669912  0.893970463719  -0.205362843877  
0.509584849532  0.000493160144  -0.521518887350  0.677532823596  -0.753026481843  0.891097431258  -0.203620126256  
0.510525780097  0.000492729093  -0.519407146150  0.678364690416  -0.753156813801  0.888213043556  -0.201883538652  
0.509115716825  0.000484610065  -0.517823051399  0.679091753093  -0.753261887754  0.885117196834  -0.200351461711  
0.508633001319  0.000477352718  -0.516254287333  0.679807733361  -0.753364466026  0.882117873808  -0.198856394177  
0.508501351928  0.000473490602  -0.514377012646  0.680567948279  -0.753478785770  0.879363349021  -0.197282913117  
0.509090508570  0.000472834424  -0.512919576278  0.681257988924  -0.753574381451  0.876340421183  -0.195845023470  
0.508723315102  0.000471502805  -0.511098412219  0.681998806510  -0.753684205184  0.873556346446  -0.194299041485  
0.509007573208  0.000462147267  -0.509834717151  0.682634184559  -0.753768553467  0.870559736738  -0.192971548466  
0.507897443622  0.000461609666  -0.508347012645  0.683299289273  -0.753861488200  0.867701510990  -0.191574061215  
0.508209873318  0.000459112853  -0.506963542917  0.683947580644  -0.753949214536  0.864804586046  -0.190220141208  
0.508395062285  0.000454555130  -0.505721365724  0.684570899001  -0.754030037884  0.861878941555  -0.188929751303  
0.507547936489  0.000448369103  -0.504696423405  0.685142101847  -0.754100592647  0.858904147337  -0.187732911803  
0.507150352351  0.000442150152  -0.503747149237  0.685696015205  -0.754166890979  0.855967812524  -0.186585586565  
0.507695233607  0.000447301294  -0.502514352348  0.686299043472  -0.754244736652  0.853117048986  -0.185328218218  
0.507498213906  0.000438005932  -0.501333321993  0.686882745247  -0.754318893035  0.850370109326  -0.184123559373  
0.506964374142  0.000433679987  -0.500228003393  0.687450388226  -0.754389121480  0.847632065175  -0.182958926299  
0.507372191587  0.000434279715  -0.499037737623  0.688027089965  -0.754462238754  0.844927952200  -0.181765459353  
0.506879916879  0.000432130629  -0.497629878462  0.688633287138  -0.754543122229  0.842385675837  -0.180510619917  
0.507350909504  0.000427850085  -0.496530381895  0.689187646962  -0.754610964275  0.839702885121  -0.179372163991  
0.507200166824  0.000425624302  -0.495402019579  0.689741268076  -0.754679251884  0.837063143444  -0.178231915477  
0.506176813310  0.000417013189  -0.494463362545  0.690253325540  -0.754738856012  0.834425954002  -0.177184351078  
0.507455622335  0.000426674907  -0.493125720035  0.690842291761  -0.754814457996  0.831881887936  -0.175972881284  
0.507436864418  0.000417273738  -0.492054909377  0.691377259901  -0.754878410074  0.829304360918  -0.174881533431  
0.506636550243  0.000413430147  -0.490910018966  0.691918430877  -0.754944301879  0.826823494770  -0.173781570477  
0.506870915132  0.000412682343  -0.489532014316  0.692492434522  -0.755018374105  0.824493554503  -0.172611035201  
0.506378745937  0.000408498729  -0.488511442683  0.693002130271  -0.755078141309  0.821990189531  -0.171570885620  
0.506811859040  0.000407908351  -0.487335156562  0.693534317442  -0.755143214671  0.819585885445  -0.170483664921  
0.507434121793  0.000405694046  -0.486189937717  0.694061215703  -0.755206581727  0.817186147816  -0.169413461298  
0.506377501478  0.000401917316  -0.484765018387  0.694623901711  -0.755279278728  0.815013948348  -0.168269324189  
0.506885655105  0.000399821199  -0.483679119468  0.695132579941  -0.755339029346  0.812647796630  -0.167240097635  
0.506743587738  0.000397155735  -0.482633445866  0.695629008836  -0.755396655817  0.810287601140  -0.166233734996  
0.505762408742  0.000392056750  -0.481613513927  0.696113016712  -0.755452502596  0.807979396756  -0.165253138156  
0.505555988868  0.000386766706  -0.480509863198  0.696604873286  -0.755510475471  0.805795003043  -0.164265301622  
0.506171565263  0.000386785947  -0.479591591172  0.697063309333  -0.755561521413  0.803484318247  -0.163335234439  
0.505824868100  0.000385805067  -0.478686903694  0.697519282978  -0.755611713276  0.801171034127  -0.162413161880  
0.505753237770  0.000384297355  -0.477537438298  0.698010055683  -0.755670041531  0.799029048572  -0.161418436412  
0.505451125400  0.000381809319  -0.476715149160  0.698447751775  -0.755716439043  0.796706320493  -0.160535345544  
0.506043606406  0.000379847523  -0.475810827527  0.698897359479  -0.755765256183  0.794456868356  -0.159633072041  
0.505049656438  0.000372270471  -0.474913048916  0.699333161627  -0.755812850392  0.792307160581  -0.158758103658  
0.505850151302  0.000375374378  -0.473860666457  0.699797846437  -0.755865759862  0.790203558381  -0.157824258076  
0.505527977621  0.000373738265  -0.472697690249  0.700275495636  -0.755921951815  0.788187797930  -0.156860827728  
0.505928803176  0.000373105777  -0.471609907303  0.700741568815  -0.755975215496  0.786125426987  -0.155923527281  
0.504436997200  0.000365445933  -0.470686513616  0.701171270093  -0.756021931161  0.784061939101  -0.155064108699  
0.504983040702  0.000359582359  -0.469858384299  0.701580470465  -0.756064707554  0.782014258172  -0.154254210419  
0.505778264803  0.000365994281  -0.468853642339  0.702022442322  -0.756113656944  0.779981063624  -0.153367840503  
0.505248178050  0.000361320984  -0.467769371467  0.702473195605  -0.756164607615  0.778059575903  -0.152470628311  
0.505020307351  0.000360183751  -0.467007845213  0.702871367774  -0.756204554645  0.775940347144  -0.151678936993  
0.505501986708  0.000360574725  -0.465955237210  0.703313306866  -0.756253822773  0.773995856223  -0.150794398338  
0.504976064582  0.000355669622  -0.464965832795  0.703737311003  -0.756300320015  0.772074783626  -0.149945532350  
0.504047288506  0.000351194123  -0.464114438126  0.704136166426  -0.756341746331  0.770121893406  -0.149154602113  
0.504928659980  0.000351499956  -0.463222402508  0.704541445039  -0.756384291766  0.768184509237  -0.148349634719  
0.504990065756  0.000349181613  -0.462335159260  0.704943593089  -0.756426263969  0.766270409284  -0.147553956522  
0.504510732234  0.000346509903  -0.461500571013  0.705333904605  -0.756466118938  0.764353951684  -0.146783164743  
0.504464432382  0.000347336343  -0.460471511048  0.705750193247  -0.756511927042  0.762545455070  -0.145949127056  
0.504983598656  0.000347105765  -0.459536680030  0.706155594899  -0.756554555535  0.760672990819  -0.145144793859  
0.504784864505  0.000345620024  -0.458499875856  0.706570974699  -0.756599970626  0.758881445564  -0.144313706422  
0.504402994541  0.000341207547  -0.457550869873  0.706966135387  -0.756642043990  0.757089628175  -0.143523835983  
0.504342122000  0.000339112755  -0.456631601695  0.707356999473  -0.756682840779  0.755301794440  -0.142749559207  
0.504634176570  0.000338395167  -0.455754443250  0.707739901400  -0.756722062176  0.753491085206  -0.141990960868  
0.504113643196  0.000331235248  -0.455051245431  0.708088738249  -0.756755230501  0.751661496035  -0.141308654360  
0.504751980244  0.000334173641  -0.454101269082  0.708477733379  -0.756795969908  0.749945173032  -0.140539890404  
0.504359295661  0.000332691303  -0.453130774396  0.708865817288  -0.756836968276  0.748257256800  -0.139769737089  
0.503870027834  0.000327131908  -0.452415750881  0.709211494695  -0.756869697273  0.746475316929  -0.139095474461  
0.503941929904  0.000329295982  -0.451604676393  0.709569342909  -0.756905245260  0.744720809876  -0.138385414601  
0.504526450377  0.000328023003  -0.450766701344  0.709933325360  -0.756941369945  0.742995462984  -0.137670064994  
0.504653344685  0.000326979982  -0.449933385381  0.710293135669  -0.756977067830  0.741276289265  -0.136959704600  
0.503849966644  0.000323050864  -0.449177279784  0.710637450983  -0.757010051761  0.739555677428  -0.136284655675  
0.503979003210  0.000319727387  -0.448363301125  0.710985731140  -0.757044343862  0.737912576874  -0.135600794598  
0.504325501062  0.000323478190  -0.447630738154  0.711327566876  -0.757076345165  0.736160590619  -0.134932067585  
0.503915200288  0.000316044827  -0.446749189398  0.711681260802  -0.757112024325  0.734600925731  -0.134237243268  
0.503472802360  0.000314300031  -0.446110541564  0.711998176828  -0.757140394594  0.732902596214  -0.133623537434  
0.504318684872  0.000317788024  -0.445055695501  0.712379478070  -0.757180844373  0.731422113907  -0.132869154863  
0.504509712174  0.000314400869  -0.444428561927  0.712694504757  -0.757208581584  0.729705366124  -0.132259629863  
0.504325981927  0.000313787674  -0.443533583740  0.713046430447  -0.757243805197  0.728165891830  -0.131566502162  
0.504321857393  0.000313194263  -0.442837246778  0.713368899675  -0.757273152280  0.726500770420  -0.130938509063  
0.503818291962  0.000309653534  -0.442181626109  0.713679890099  -0.757300970460  0.724852034629  -0.130333311345  
0.503945281662  0.000307305488  -0.441477104464  0.713996914060  -0.757329916834  0.723261517629  -0.129718578724  
0.504065142764  0.000306002518  -0.440600991805  0.714337990666  -0.757363469998  0.721795192266  -0.129052678330  
0.503324269095  0.000303725325  -0.439788866266  0.714665316869  -0.757394897462  0.720313135815  -0.128413980126  
0.503004645234  0.000300514016  -0.439153104799  0.714961177069  -0.757421074211  0.718754744042  -0.127839549629  
0.503715025023  0.000078000555  -0.439153104799  0.714961177069  -0.757421074211  0.718754744042  -0.127839549629  
