3.144233 
3.144231 
3.144229 
3.144227 
3.144225 
3.144223 
3.144220 
3.144218 
3.144216 
3.144214 
3.144212 
3.144210 
3.144207 
3.144205 
3.144203 
3.144201 
3.144199 
3.144196 
3.144194 
3.144192 
3.144190 
3.144188 
3.144186 
3.144183 
3.144181 
3.144179 
3.144177 
3.144175 
3.144173 
3.144170 
3.144168 
3.144166 
3.144164 
3.144162 
3.144160 
3.144157 
3.144155 
3.144153 
3.144151 
3.144149 
3.144147 
3.144144 
3.144142 
3.144140 
3.144138 
3.144136 
3.144133 
3.144131 
3.144129 
3.144127 
3.144125 
3.144123 
3.144120 
3.144118 
3.144116 
3.144114 
3.144112 
3.144110 
3.144107 
3.144105 
3.144103 
3.144101 
3.144099 
3.144097 
3.144094 
3.144092 
3.144090 
3.144088 
3.144086 
3.144084 
3.144081 
3.144079 
3.144077 
3.144075 
3.144073 
3.144070 
3.144068 
3.144066 
3.144064 
3.144062 
3.144060 
3.144057 
3.144055 
3.144053 
3.144051 
3.144049 
3.144047 
3.144044 
3.144042 
3.144040 
3.144038 
3.144036 
3.144034 
3.144031 
3.144029 
3.144027 
3.144025 
3.144023 
3.144021 
3.144018 
3.144016 
3.144014 
3.144012 
3.144010 
3.144007 
3.144005 
3.144003 
3.144001 
3.143999 
3.143997 
3.143994 
3.143992 
3.143990 
3.143988 
3.143986 
3.143984 
3.143981 
3.143979 
3.143977 
3.143975 
3.143973 
3.143971 
3.143968 
3.143966 
3.143964 
3.143962 
3.143960 
3.143958 
3.143955 
3.143953 
3.143951 
3.143949 
3.143947 
3.143944 
3.143942 
3.143940 
3.143938 
3.143936 
3.143934 
3.143931 
3.143929 
3.143927 
3.143925 
3.143923 
3.143921 
3.143918 
3.143916 
3.143914 
3.143912 
3.143910 
3.143908 
3.143905 
3.143903 
3.143901 
3.143899 
3.143897 
3.143895 
3.143892 
3.143890 
3.143888 
3.143886 
3.143884 
3.143881 
3.143879 
3.143877 
3.143875 
3.143873 
3.143871 
3.143868 
3.143866 
3.143864 
3.143862 
3.143860 
3.143858 
3.143855 
3.143853 
3.143851 
3.143849 
3.143847 
3.143845 
3.143842 
3.143840 
3.143838 
3.143836 
3.143834 
3.143832 
3.143829 
3.143827 
3.143825 
3.143823 
3.143821 
3.143818 
3.143816 
3.143814 
3.143812 
3.143810 
3.143808 
3.143805 
3.143803 
3.143801 
3.143799 
3.143797 
3.143795 
3.143792 
3.143790 
3.143788 
3.143786 
3.143784 
3.143782 
3.143779 
3.143777 
3.143775 
3.143773 
3.143771 
3.143769 
3.143766 
3.143764 
3.143762 
3.143760 
3.143758 
3.143755 
3.143753 
3.143751 
3.143749 
3.143747 
3.143745 
3.143742 
3.143740 
3.143738 
3.143736 
3.143734 
3.143732 
3.143729 
3.143727 
3.143725 
3.143723 
3.143721 
3.143719 
3.143716 
3.143714 
3.143712 
3.143710 
3.143708 
3.143706 
3.143703 
3.143701 
3.143699 
3.143697 
3.143695 
3.143692 
3.143690 
3.143688 
3.143686 
3.143684 
3.143682 
3.143679 
3.143677 
3.143675 
3.143673 
3.143671 
3.143669 
3.143666 
3.143664 
3.143662 
3.143660 
3.143658 
3.143656 
3.143653 
3.143651 
3.143649 
3.143647 
3.143645 
3.143643 
3.143640 
3.143638 
3.143636 
3.143634 
3.143632 
3.143629 
3.143627 
3.143625 
3.143623 
3.143621 
3.143619 
3.143616 
3.143614 
3.143612 
3.143610 
3.143608 
3.143606 
3.143603 
3.143601 
3.143599 
3.143597 
3.143595 
3.143593 
3.143590 
3.143588 
3.143586 
3.143584 
3.143582 
3.143580 
3.143577 
3.143575 
3.143573 
3.143571 
3.143569 
3.143566 
3.143564 
3.143562 
3.143560 
3.143558 
3.143556 
3.143553 
3.143551 
3.143549 
3.143547 
3.143545 
3.143543 
3.143540 
3.143538 
3.143536 
3.143534 
3.143532 
3.143530 
3.143527 
3.143525 
3.143523 
3.143521 
3.143519 
3.143517 
3.143514 
3.143512 
3.143510 
3.143508 
3.143506 
3.143503 
3.143501 
3.143499 
3.143497 
3.143495 
3.143493 
3.143490 
3.143488 
3.143486 
3.143484 
3.143482 
3.143480 
3.143477 
3.143475 
3.143473 
