3.084147 
3.084148 
3.084150 
3.084152 
3.084154 
3.084156 
3.084157 
3.084159 
3.084161 
3.084163 
3.084165 
3.084166 
3.084168 
3.084170 
3.084172 
3.084174 
3.084175 
3.084177 
3.084179 
3.084181 
3.084182 
3.084184 
3.084186 
3.084188 
3.084190 
3.084191 
3.084193 
3.084195 
3.084197 
3.084199 
3.084200 
3.084202 
3.084204 
3.084206 
3.084208 
3.084209 
3.084211 
3.084213 
3.084215 
3.084216 
3.084218 
3.084220 
3.084222 
3.084224 
3.084225 
3.084227 
3.084229 
3.084231 
3.084233 
3.084234 
3.084236 
3.084238 
3.084240 
3.084242 
3.084243 
3.084245 
3.084247 
3.084249 
3.084250 
3.084252 
3.084254 
3.084256 
3.084258 
3.084259 
3.084261 
3.084263 
3.084265 
3.084267 
3.084268 
3.084270 
3.084272 
3.084274 
3.084275 
3.084277 
3.084279 
3.084281 
3.084283 
3.084284 
3.084286 
3.084288 
3.084290 
3.084292 
3.084293 
3.084295 
3.084297 
3.084299 
3.084301 
3.084302 
3.084304 
3.084306 
3.084308 
3.084309 
3.084311 
3.084313 
3.084315 
3.084317 
3.084318 
3.084320 
3.084322 
3.084324 
3.084326 
3.084327 
3.084329 
3.084331 
3.084333 
3.084335 
3.084336 
3.084338 
3.084340 
3.084342 
3.084343 
3.084345 
3.084347 
3.084349 
3.084351 
3.084352 
3.084354 
3.084356 
3.084358 
3.084360 
3.084361 
3.084363 
3.084365 
3.084367 
3.084369 
3.084370 
3.084372 
3.084374 
3.084376 
3.084377 
3.084379 
3.084381 
3.084383 
3.084385 
3.084386 
3.084388 
3.084390 
3.084392 
3.084394 
3.084395 
3.084397 
3.084399 
3.084401 
3.084403 
3.084404 
3.084406 
3.084408 
3.084410 
3.084411 
3.084413 
3.084415 
3.084417 
3.084419 
3.084420 
3.084422 
3.084424 
3.084426 
3.084428 
3.084429 
3.084431 
3.084433 
3.084435 
3.084437 
3.084438 
3.084440 
3.084442 
3.084444 
3.084445 
3.084447 
3.084449 
3.084451 
3.084453 
3.084454 
3.084456 
3.084458 
3.084460 
3.084462 
3.084463 
3.084465 
3.084467 
3.084469 
3.084471 
3.084472 
3.084474 
3.084476 
3.084478 
3.084479 
3.084481 
3.084483 
3.084485 
3.084487 
3.084488 
3.084490 
3.084492 
3.084494 
3.084496 
3.084497 
3.084499 
3.084501 
3.084503 
3.084505 
3.084506 
3.084508 
3.084510 
3.084512 
3.084513 
3.084515 
3.084517 
3.084519 
3.084521 
3.084522 
3.084524 
3.084526 
3.084528 
3.084530 
3.084531 
3.084533 
3.084535 
3.084537 
3.084539 
3.084540 
3.084542 
3.084544 
3.084546 
3.084547 
3.084549 
3.084551 
3.084553 
3.084555 
3.084556 
3.084558 
3.084560 
3.084562 
3.084564 
3.084565 
3.084567 
3.084569 
3.084571 
3.084573 
3.084574 
3.084576 
3.084578 
3.084580 
3.084581 
3.084583 
3.084585 
3.084587 
3.084589 
3.084590 
3.084592 
3.084594 
3.084596 
3.084598 
3.084599 
3.084601 
3.084603 
3.084605 
3.084607 
3.084608 
3.084610 
3.084612 
3.084614 
3.084615 
3.084617 
3.084619 
3.084621 
3.084623 
3.084624 
3.084626 
3.084628 
3.084630 
3.084632 
3.084633 
3.084635 
3.084637 
3.084639 
3.084641 
3.084642 
3.084644 
3.084646 
3.084648 
3.084649 
3.084651 
3.084653 
3.084655 
3.084657 
3.084658 
3.084660 
3.084662 
3.084664 
3.084666 
3.084667 
3.084669 
3.084671 
3.084673 
3.084674 
3.084676 
3.084678 
3.084680 
3.084682 
3.084683 
3.084685 
3.084687 
3.084689 
3.084691 
3.084692 
3.084694 
3.084696 
3.084698 
3.084700 
3.084701 
3.084703 
3.084705 
3.084707 
3.084708 
3.084710 
3.084712 
3.084714 
3.084716 
3.084717 
3.084719 
3.084721 
3.084723 
3.084725 
3.084726 
3.084728 
3.084730 
3.084732 
3.084734 
3.084735 
3.084737 
3.084739 
3.084741 
3.084742 
3.084744 
3.084746 
3.084748 
3.084750 
3.084751 
3.084753 
3.084755 
3.084757 
3.084759 
3.084760 
3.084762 
3.084764 
3.084766 
3.084768 
3.084769 
3.084771 
3.084773 
