3.082208 
3.082202 
3.082195 
3.082189 
3.082183 
3.082176 
3.082170 
3.082164 
3.082158 
3.082151 
3.082145 
3.082139 
3.082132 
3.082126 
3.082120 
3.082113 
3.082107 
3.082101 
3.082095 
3.082088 
3.082082 
3.082076 
3.082069 
3.082063 
3.082057 
3.082050 
3.082044 
3.082038 
3.082032 
3.082025 
3.082019 
3.082013 
3.082006 
3.082000 
3.081994 
3.081987 
3.081981 
3.081975 
3.081969 
3.081962 
3.081956 
3.081950 
3.081943 
3.081937 
3.081931 
3.081925 
3.081918 
3.081912 
3.081906 
3.081899 
3.081893 
3.081887 
3.081880 
3.081874 
3.081868 
3.081862 
3.081855 
3.081849 
3.081843 
3.081836 
3.081830 
3.081824 
3.081817 
3.081811 
3.081805 
3.081799 
3.081792 
3.081786 
3.081780 
3.081773 
3.081767 
3.081761 
3.081754 
3.081748 
3.081742 
3.081736 
3.081729 
3.081723 
3.081717 
3.081710 
3.081704 
3.081698 
3.081691 
3.081685 
3.081679 
3.081673 
3.081666 
3.081660 
3.081654 
3.081647 
3.081641 
3.081635 
3.081629 
3.081622 
3.081616 
3.081610 
3.081603 
3.081597 
3.081591 
3.081584 
3.081578 
3.081572 
3.081566 
3.081559 
3.081553 
3.081547 
3.081540 
3.081534 
3.081528 
3.081521 
3.081515 
3.081509 
3.081503 
3.081496 
3.081490 
3.081484 
3.081477 
3.081471 
3.081465 
3.081458 
3.081452 
3.081446 
3.081440 
3.081433 
3.081427 
3.081421 
3.081414 
3.081408 
3.081402 
3.081395 
3.081389 
3.081383 
3.081377 
3.081370 
3.081364 
3.081358 
3.081351 
3.081345 
3.081339 
3.081333 
3.081326 
3.081320 
3.081314 
3.081307 
3.081301 
3.081295 
3.081288 
3.081282 
3.081276 
3.081270 
3.081263 
3.081257 
3.081251 
3.081244 
3.081238 
3.081232 
3.081225 
3.081219 
3.081213 
3.081207 
3.081200 
3.081194 
3.081188 
3.081181 
3.081175 
3.081169 
3.081162 
3.081156 
3.081150 
3.081144 
3.081137 
3.081131 
3.081125 
3.081118 
3.081112 
3.081106 
3.081099 
3.081093 
3.081087 
3.081081 
3.081074 
3.081068 
3.081062 
3.081055 
3.081049 
3.081043 
3.081037 
3.081030 
3.081024 
3.081018 
3.081011 
3.081005 
3.080999 
3.080992 
3.080986 
3.080980 
3.080974 
3.080967 
3.080961 
3.080955 
3.080948 
3.080942 
3.080936 
3.080929 
3.080923 
3.080917 
3.080911 
3.080904 
3.080898 
3.080892 
3.080885 
3.080879 
3.080873 
3.080866 
3.080860 
3.080854 
3.080848 
3.080841 
3.080835 
3.080829 
3.080822 
3.080816 
3.080810 
3.080803 
3.080797 
3.080791 
3.080785 
3.080778 
3.080772 
3.080766 
3.080759 
3.080753 
3.080747 
3.080741 
3.080734 
3.080728 
3.080722 
3.080715 
3.080709 
3.080703 
3.080696 
3.080690 
3.080684 
3.080678 
3.080671 
3.080665 
3.080659 
3.080652 
3.080646 
3.080640 
3.080633 
3.080627 
3.080621 
3.080615 
3.080608 
3.080602 
3.080596 
3.080589 
3.080583 
3.080577 
3.080570 
3.080564 
3.080558 
3.080552 
3.080545 
3.080539 
3.080533 
3.080526 
3.080520 
3.080514 
3.080507 
3.080501 
3.080495 
3.080489 
3.080482 
3.080476 
3.080470 
3.080463 
3.080457 
3.080451 
3.080445 
3.080438 
3.080432 
3.080426 
3.080419 
3.080413 
3.080407 
3.080400 
3.080394 
3.080388 
3.080382 
3.080375 
3.080369 
3.080363 
3.080356 
3.080350 
3.080344 
3.080337 
3.080331 
3.080325 
3.080319 
3.080312 
3.080306 
3.080300 
3.080293 
3.080287 
3.080281 
3.080274 
3.080268 
3.080262 
3.080256 
3.080249 
3.080243 
3.080237 
3.080230 
3.080224 
3.080218 
3.080211 
3.080205 
3.080199 
3.080193 
3.080186 
3.080180 
3.080174 
3.080167 
3.080161 
3.080155 
3.080149 
3.080142 
3.080136 
3.080130 
3.080123 
3.080117 
3.080111 
3.080104 
3.080098 
3.080092 
3.080086 
3.080079 
3.080073 
3.080067 
3.080060 
3.080054 
3.080048 
3.080041 
3.080035 
3.080029 
3.080023 
3.080016 
3.080010 
3.080004 
