3.086280 
3.086278 
3.086276 
3.086274 
3.086272 
3.086270 
3.086268 
3.086266 
3.086264 
3.086262 
3.086260 
3.086258 
3.086257 
3.086255 
3.086253 
3.086251 
3.086249 
3.086247 
3.086245 
3.086243 
3.086241 
3.086239 
3.086237 
3.086235 
3.086233 
3.086232 
3.086230 
3.086228 
3.086226 
3.086224 
3.086222 
3.086220 
3.086218 
3.086216 
3.086214 
3.086212 
3.086210 
3.086208 
3.086207 
3.086205 
3.086203 
3.086201 
3.086199 
3.086197 
3.086195 
3.086193 
3.086191 
3.086189 
3.086187 
3.086185 
3.086183 
3.086182 
3.086180 
3.086178 
3.086176 
3.086174 
3.086172 
3.086170 
3.086168 
3.086166 
3.086164 
3.086162 
3.086160 
3.086158 
3.086157 
3.086155 
3.086153 
3.086151 
3.086149 
3.086147 
3.086145 
3.086143 
3.086141 
3.086139 
3.086137 
3.086135 
3.086133 
3.086132 
3.086130 
3.086128 
3.086126 
3.086124 
3.086122 
3.086120 
3.086118 
3.086116 
3.086114 
3.086112 
3.086110 
3.086108 
3.086107 
3.086105 
3.086103 
3.086101 
3.086099 
3.086097 
3.086095 
3.086093 
3.086091 
3.086089 
3.086087 
3.086085 
3.086083 
3.086082 
3.086080 
3.086078 
3.086076 
3.086074 
3.086072 
3.086070 
3.086068 
3.086066 
3.086064 
3.086062 
3.086060 
3.086058 
3.086057 
3.086055 
3.086053 
3.086051 
3.086049 
3.086047 
3.086045 
3.086043 
3.086041 
3.086039 
3.086037 
3.086035 
3.086033 
3.086032 
3.086030 
3.086028 
3.086026 
3.086024 
3.086022 
3.086020 
3.086018 
3.086016 
3.086014 
3.086012 
3.086010 
3.086008 
3.086007 
3.086005 
3.086003 
3.086001 
3.085999 
3.085997 
3.085995 
3.085993 
3.085991 
3.085989 
3.085987 
3.085985 
3.085983 
3.085982 
3.085980 
3.085978 
3.085976 
3.085974 
3.085972 
3.085970 
3.085968 
3.085966 
3.085964 
3.085962 
3.085960 
3.085958 
3.085957 
3.085955 
3.085953 
3.085951 
3.085949 
3.085947 
3.085945 
3.085943 
3.085941 
3.085939 
3.085937 
3.085935 
3.085933 
3.085932 
3.085930 
3.085928 
3.085926 
3.085924 
3.085922 
3.085920 
3.085918 
3.085916 
3.085914 
3.085912 
3.085910 
3.085908 
3.085907 
3.085905 
3.085903 
3.085901 
3.085899 
3.085897 
3.085895 
3.085893 
3.085891 
3.085889 
3.085887 
3.085885 
3.085883 
3.085882 
3.085880 
3.085878 
3.085876 
3.085874 
3.085872 
3.085870 
3.085868 
3.085866 
3.085864 
3.085862 
3.085860 
3.085858 
3.085857 
3.085855 
3.085853 
3.085851 
3.085849 
3.085847 
3.085845 
3.085843 
3.085841 
3.085839 
3.085837 
3.085835 
3.085833 
3.085831 
3.085830 
3.085828 
3.085826 
3.085824 
3.085822 
3.085820 
3.085818 
3.085816 
3.085814 
3.085812 
3.085810 
3.085808 
3.085806 
3.085805 
3.085803 
3.085801 
3.085799 
3.085797 
3.085795 
3.085793 
3.085791 
3.085789 
3.085787 
3.085785 
3.085783 
3.085781 
3.085780 
3.085778 
3.085776 
3.085774 
3.085772 
3.085770 
3.085768 
3.085766 
3.085764 
3.085762 
3.085760 
3.085758 
3.085756 
3.085755 
3.085753 
3.085751 
3.085749 
3.085747 
3.085745 
3.085743 
3.085741 
3.085739 
3.085737 
3.085735 
3.085733 
3.085731 
3.085730 
3.085728 
3.085726 
3.085724 
3.085722 
3.085720 
3.085718 
3.085716 
3.085714 
3.085712 
3.085710 
3.085708 
3.085706 
3.085705 
3.085703 
3.085701 
3.085699 
3.085697 
3.085695 
3.085693 
3.085691 
3.085689 
3.085687 
3.085685 
3.085683 
3.085681 
3.085680 
3.085678 
3.085676 
3.085674 
3.085672 
3.085670 
3.085668 
3.085666 
3.085664 
3.085662 
3.085660 
3.085658 
3.085656 
3.085655 
3.085653 
3.085651 
3.085649 
3.085647 
3.085645 
3.085643 
3.085641 
3.085639 
3.085637 
3.085635 
3.085633 
3.085631 
3.085630 
3.085628 
3.085626 
3.085624 
3.085622 
3.085620 
3.085618 
3.085616 
3.085614 
3.085612 
3.085610 
3.085608 
3.085606 
